0 1 1.8501 1.64034157723323 6.221 0.99 0 0
10 5 1.1466200000000002 0.390653293343343 6.221 0.894 1.8501 10
20 20.2 1.3811435643564358 1.4791396462980302 16.931 0.757 1.2638666666666667 60
30 34.3 1.2973819241982516 0.9160752750333858 16.931 0.714 1.354286259541985 262
40 0 0 0 16.931 0.714 1.3220247933884302 605
50 0 0 0 16.931 0.714 1.3220247933884302 605
60 0 0 0 16.931 0.714 1.3220247933884302 605
70 0 0 0 16.931 0.714 1.3220247933884302 605
80 0 0 0 16.931 0.714 1.3220247933884302 605
90 0 0 0 16.931 0.714 1.3220247933884302 605
100 0 0 0 16.931 0.714 1.3220247933884302 605
110 0 0 0 16.931 0.714 1.3220247933884302 605
120 0 0 0 16.931 0.714 1.3220247933884302 605
130 0 0 0 16.931 0.714 1.3220247933884302 605
140 0 0 0 16.931 0.714 1.3220247933884302 605
150 0 0 0 16.931 0.714 1.3220247933884302 605
160 0 0 0 16.931 0.714 1.3220247933884302 605
170 0 0 0 16.931 0.714 1.3220247933884302 605
180 0 0 0 16.931 0.714 1.3220247933884302 605
190 0 0 0 16.931 0.714 1.3220247933884302 605
197 0 0 0 16.931 0.714 1.3220247933884302 605
