0 0.1 0.8397221954153047 0 0.8397221954153047 0.8397221954153047 0 0
10 0.1 0.8470353761833582 0.0 0.8470353761833582 0.8397221954153047 0.8397221954153047 1
20 0.1 1.245019920318725 0.0 1.245019920318725 0.8397221954153047 0.8433787857993315 2
30 0.1 4.19921875 0.0 4.19921875 0.8397221954153047 0.9772591639724627 3
40 0.1 6.392251815980629 0.0 6.392251815980629 0.8397221954153047 1.782749060479347 4
50 0.1 0.8461921353907417 0.0 6.392251815980629 0.8397221954153047 2.7046496115796033 5
60 0.1 1.5415216310293387 0.0 6.392251815980629 0.8397221954153047 2.3949066988814596 6
70 0.1 1.443504230960677 0.0 6.392251815980629 0.8397221954153047 2.2729945463311565 7
80 0.1 2.9324055666003974 0.0 6.392251815980629 0.8397221954153047 2.1693082569098463 8
90 0.1 2.628968253968254 0.0 6.392251815980629 0.8397221954153047 2.254096846875463 9
100 0.1 1.8426294820717133 0.0 6.392251815980629 0.8397221954153047 2.291583987584742 10
110 0.1 7.515861395802831 0.0 7.515861395802831 0.8397221954153047 2.2507699416290126 11
120 0.1 4.01985111662531 0.0 7.515861395802831 0.8397221954153047 2.6895275628101643 12
130 0.1 3.782976605276257 0.0 7.515861395802831 0.8397221954153047 2.7918601438728676 13
140 0.1 4.11910669975186 0.0 7.515861395802831 0.8397221954153047 2.8626541768302523 14
150 0.1 0.9471585244267198 0.0 7.515861395802831 0.8397221954153047 2.9464176783583595 15
160 0.1 3.5253227408142997 0.0 7.515861395802831 0.8397221954153047 2.821463981237632 16
170 0.1 1.5392254220456802 0.0 7.515861395802831 0.8397221954153047 2.8628674376833185 17
180 0.1 2.78468423669816 0.0 7.515861395802831 0.8397221954153047 2.7893317701478946 18
190 0.1 3.9244908097367115 0.0 7.515861395802831 0.8397221954153047 2.7890871631242247 19
197 0.1 2.5373134328358207 0.0 7.515861395802831 0.8397221954153047 2.845857345454849 20
