0 0.1 661.07421875 0 661.07421875 661.07421875 0 0
10 0.1 658.10546875 0.0 661.07421875 658.10546875 661.07421875 1
20 0.1 646.84375 0.0 661.07421875 646.84375 659.58984375 2
30 0.1 634.79296875 0.0 661.07421875 634.79296875 655.3411458333334 3
40 0.1 618.984375 0.0 661.07421875 618.984375 650.2041015625 4
50 0.1 617.1484375 0.0 661.07421875 617.1484375 643.96015625 5
60 0.1 606.96875 0.0 661.07421875 606.96875 639.4915364583334 6
70 0.1 603.0234375 0.0 661.07421875 603.0234375 634.8454241071429 7
80 0.1 595.09765625 0.0 661.07421875 595.09765625 630.86767578125 8
90 0.1 592.9375 0.0 661.07421875 592.9375 626.8932291666666 9
100 0.1 563.4921875 0.0 661.07421875 563.4921875 623.49765625 10
110 0.1 497.51171875 0.0 661.07421875 497.51171875 618.0426136363636 11
120 0.1 478.3984375 0.0 661.07421875 478.3984375 607.9983723958334 12
130 0.1 472.203125 0.0 661.07421875 472.203125 598.0291466346154 13
140 0.1 453.3203125 0.0 661.07421875 453.3203125 589.0415736607143 14
150 0.1 432.51953125 0.0 661.07421875 432.51953125 579.9934895833334 15
160 0.1 423.5390625 0.0 661.07421875 423.5390625 570.7763671875 16
170 0.1 442.953125 0.0 661.07421875 423.5390625 562.1153492647059 17
180 0.1 449.39453125 0.0 661.07421875 423.5390625 555.4952256944445 18
190 0.1 433.91796875 0.0 661.07421875 423.5390625 549.910978618421 19
197 0.1 451.28125 0.0 661.07421875 423.5390625 544.111328125 20
