0 0.1 0.078125 0 0.078125 0.078125 0 0
10 0.1 0.0703125 0.0 0.078125 0.0703125 0.078125 1
20 0.1 0.05859375 0.0 0.078125 0.05859375 0.07421875 2
30 0.1 0.05078125 0.0 0.078125 0.05078125 0.06901041666666667 3
40 0.1 0.28125 0.0 0.28125 0.05078125 0.064453125 4
50 0.1 0.23828125 0.0 0.28125 0.05078125 0.1078125 5
60 0.1 0.19921875 0.0 0.28125 0.05078125 0.12955729166666666 6
70 0.1 0.171875 0.0 0.28125 0.05078125 0.13950892857142858 7
80 0.1 0.140625 0.0 0.28125 0.05078125 0.1435546875 8
90 0.1 0.19921875 0.0 0.28125 0.05078125 0.14322916666666666 9
100 0.1 0.171875 0.0 0.28125 0.05078125 0.148828125 10
110 0.1 0.140625 0.0 0.28125 0.05078125 0.15092329545454544 11
120 0.1 0.12109375 0.0 0.28125 0.05078125 0.15006510416666666 12
130 0.1 0.1015625 0.0 0.28125 0.05078125 0.14783653846153846 13
140 0.1 0.16015625 0.0 0.28125 0.05078125 0.14453125 14
150 0.1 0.12890625 0.0 0.28125 0.05078125 0.14557291666666666 15
160 0.1 0.109375 0.0 0.28125 0.05078125 0.14453125 16
170 0.1 0.1015625 0.0 0.28125 0.05078125 0.14246323529411764 17
180 0.1 0.1484375 0.0 0.28125 0.05078125 0.1401909722222222 18
190 0.1 0.12890625 0.0 0.28125 0.05078125 0.140625 19
197 0.1 0.109375 0.0 0.28125 0.05078125 0.1400390625 20
