0 1.4 246.22228571428576 159.35497586943103 536.623 13.184 0 0
10 7.4 435.0958918918918 511.4887739066507 1916.701 11.265 246.22228571428576 14
20 8.2 3375.810256097561 2680.234132514318 7520.28 11.265 405.04781818181806 88
30 8.2 9926.37635365854 2406.394792167863 13525.504 11.265 1838.0038176470587 170
40 7.3 17278.883178082193 2332.7878525117767 20934.125 11.265 4469.934563492065 252
50 7.8 24799.560192307687 2354.7436150653593 28854.122 11.265 7347.021483076924 325
60 7.8 32958.67446153845 2482.103950883321 37213.074 11.265 10724.932200992556 403
70 8.5 41824.601611764716 2778.850240755779 46071.456 11.265 14330.403918918917 481
80 8 50682.451075000004 2616.2225946263948 54823.403 11.265 18459.391204947 566
90 22 56269.38593181818 4884.624831379074 79860.011 11.265 22449.863015479878 646
100 62.6 18111.785099041543 16081.209060415224 85998.527 11.265 31041.427728637416 866
110 28.1 10067.059039145903 9980.677224015273 94087.781 11.265 25616.524051608583 1492
120 6.2 20215.150225806454 22934.37056625398 100129.111 11.265 23152.113635081783 1773
130 1 44612.07869999999 39220.81168077748 105150.644 11.265 23052.88108392371 1835
140 0.5 59347.172999999995 41232.04639164998 109965.993 11.265 23169.733103523038 1845
150 0.5 118695.99720000001 1193.586000620546 119765.762 11.265 23267.509968108112 1850
160 0.8 101239.868375 12793.206526484899 119765.762 11.265 23524.729610242593 1855
170 0.6 74508.11466666666 389.236831947537 119765.762 11.265 23858.45001288245 1863
180 0.9 84920.88533333334 3177.085714836545 119765.762 11.265 24021.049257356877 1869
190 6.8 93965.77257352938 1440.8077168076823 119765.762 11.265 24312.901506922262 1878
197 41.1 88565.49049391728 4018.8842794979964 119765.762 11.265 26746.81478160329 1946
