0 1.8 191.46811111111117 146.3975768985451 402.244 10.993 0 0
10 10.8 309.50249074074054 444.243290669703 1879.57 7.974 191.46811111111117 18
20 10.6 3296.091509433964 2483.8702491993013 7520.28 7.974 292.64043650793633 126
30 9.6 9906.264281250003 2366.0768503150925 13525.504 7.974 1664.9068750000006 232
40 7.9 17196.876721518987 2328.1386982888716 20934.125 7.974 4077.011481707318 328
50 8.4 24829.694523809518 2299.060558089709 28854.122 7.974 6623.619230958231 407
60 7.9 32907.27170886075 2507.7778328444037 37213.074 7.974 9738.304209775966 491
70 8.8 41887.89460227273 2777.3058143963417 46071.456 7.974 12949.441810526314 570
80 8.3 50604.5586746988 2625.813253357207 54823.403 7.974 16819.630025835868 658
90 23.3 56012.15261802578 4099.137043386449 60006.588 7.974 20603.906784075574 741
100 73.1 16398.655937072494 14426.926378869392 60006.588 7.974 29074.2571735113 974
110 40.7 9023.573906633901 1650.037355996111 60006.588 7.974 23639.73253782991 1705
120 22.3 15144.082372197307 2072.9765307700973 60006.588 7.974 20823.076968276513 2112
130 14.4 21247.742569444436 2061.1790824313653 60006.588 7.974 20280.71474346895 2335
140 14.2 28350.292718309858 1954.7421905568 60006.588 7.974 20336.88739653086 2479
150 26.2 31152.338156488557 1842.9617436831631 60006.588 7.974 20771.036025181227 2621
160 34.4 19908.07536337213 4513.551279595615 60006.588 7.974 21714.463412764482 2883
170 16.7 17470.145401197624 1152.6816262391492 60006.588 7.974 21521.901439107532 3227
180 14.9 23295.56008724832 2168.921889998254 60006.588 7.974 21322.53689628757 3394
190 43.4 23825.64607603684 4960.199527283213 60006.588 7.974 21405.511904882867 3543
197 54.8 4141.031479927006 3602.5364254944825 60006.588 7.974 21669.615055569524 3977
