0 0.1 6089.441 0 6089.441 6089.441 0 0
10 0.8 9742.968625000001 2279.306458475742 13774.636 5742.885 6089.441 1
20 0.1 13727.22 0.0 13774.636 5742.885 9337.021111111113 9
30 0 0 0 13774.636 5742.885 9776.041000000001 10
40 0 0 0 13774.636 5742.885 9776.041000000001 10
50 0 0 0 13774.636 5742.885 9776.041000000001 10
60 0 0 0 13774.636 5742.885 9776.041000000001 10
70 0 0 0 13774.636 5742.885 9776.041000000001 10
80 0 0 0 13774.636 5742.885 9776.041000000001 10
90 0.3 87240.44666666667 958.6408274775803 88503.386 5742.885 9776.041000000001 10
100 0.8 93354.79662500002 2707.67377947242 98691.905 5742.885 27652.44230769231 13
110 3 83822.63639999996 7502.938097519189 107255.154 5742.885 52681.91061904762 21
120 3.3 91352.6549090909 8536.092930415187 113398.581 5742.885 70999.98460784311 51
130 0.9 104184.8491111111 10247.333326211736 120365.039 5742.885 78995.67651190475 84
140 0.5 115077.60319999998 10092.900032760259 128812.322 5742.885 81433.33837634407 93
150 0.5 138263.6794 2356.313323892529 141571.112 5742.885 83149.88249999998 98
160 0.8 147107.6405 2946.15273451615 152091.872 5742.885 85825.30953398056 103
170 0.6 153768.28050000002 844.154422846258 155116.476 5742.885 90242.05410810809 111
180 0.9 165443.38966666663 3496.4702427928155 170736.412 5742.885 93499.80930769228 117
190 7 174320.50175714283 2178.2534502765166 179318.968 5742.885 98638.63647619046 126
197 40.9 170252.82127628385 2415.637018322261 179318.968 5742.885 125667.87407653058 196
