0 7.40234375 7.40234375
10 54.046875 61.44921875
20 105.69453125 167.14375
30 124.4 291.54375
40 36.8203125 328.3640625
50 44.0453125 372.409375
60 40.8203125 413.2296875
70 43.2234375 456.453125
80 38.83359375 495.28671875
90 58.51328125 553.8
100 451.81015625 1005.61015625
110 225.2359375 1230.84609375
120 115.67109375 1346.5171875
130 84.5734375 1431.090625
140 84.4640625 1515.5546875
150 150.6375 1666.1921875
160 194.56953125 1860.76171875
170 96.5640625 1957.32578125
180 83.29765625 2040.6234375
190 243.11953125 2283.74296875
197 95.06796875 2378.8109375
