0 107.37421875 107.37421875
10 836.3109375 943.68515625
20 798.93046875 1742.615625
30 456.81640625 2199.43203125
40 242.253125 2441.68515625
50 329.3765625 2771.06171875
60 114.2046875 2885.26640625
70 108.8328125 2994.09921875
80 137.68046875 3131.7796875
90 728.234375 3860.0140625
100 5485.35390625 9345.36796875
110 4832.70625 14178.07421875
120 4507.38359375 18685.4578125
130 4117.17578125 22802.63359375
140 4010.80234375 26813.4359375
150 3652.30234375 30465.73828125
160 3954.37734375 34420.115625
170 4575.03984375 38995.15546875
180 4477.97578125 43473.13125
190 4974.7421875 48447.8734375
197 1059.28515625 49507.15859375
