0 0.1 218.84 0 218.84 218.84 0 0
10 0.9 456.6883333333333 337.15055366046124 1257.663 200.698 218.84 1
20 0.8 5335.442375 1930.977521453185 8237.475 200.698 432.9035 10
30 0.4 13907.52925 2519.7026383526277 16452.809 200.698 2611.809666666666 18
40 0 0 0 16452.809 200.698 4665.576863636364 22
50 0 0 0 16452.809 200.698 4665.576863636364 22
60 0 0 0 16452.809 200.698 4665.576863636364 22
70 0.3 54738.55133333333 1889.0353971203297 56268.812 200.698 4665.576863636364 22
80 0.1 57041.975 0.0 57041.975 200.698 10674.333799999999 25
90 0.5 73170.595 406.0601965241144 73776.581 200.698 12457.704615384613 26
100 2.2 72740.40986363638 4489.665173844137 76715.104 200.698 22250.10629032258 31
110 4.9 28546.438612244896 21309.65075955451 76715.104 200.698 43208.34550943396 53
120 6.8 23030.695205882348 8550.156680488533 76715.104 200.698 36164.88043137254 102
130 2.6 30319.065807692306 6773.715593587675 76715.104 200.698 30911.206341176465 170
140 3.3 41500.862 5500.203800706629 76715.104 200.698 30832.65708673469 196
150 15.4 51992.3503896104 1854.90627982323 76715.104 200.698 32369.996659388642 229
160 21 57043.38135238092 1510.6672367783892 76715.104 200.698 40259.924791122714 383
170 1.1 63614.37990909091 1022.9203995181915 76715.104 200.698 46203.476018549736 593
180 0.1 67458.924 0.0 76715.104 200.698 46520.56201655628 604
190 0 0 0 76715.104 200.698 46555.17087933883 605
197 0 0 0 76715.104 200.698 46555.17087933883 605
