0 0.3 18.149 5.532818510186888 25.973 14.154 0 0
10 2 34.389250000000004 17.41646668206557 89.397 14.154 18.149 3
20 2.2 1115.0896363636364 1053.0630198626873 3378.711 14.154 32.27095652173914 23
30 0.6 6546.585333333333 2814.1619283450195 11728.54 14.154 561.6489777777778 45
40 0.4 16480.61 1851.2348023183072 18617.035 14.154 1265.759137254902 51
50 1 23503.0565 2486.4407884275984 26730.735 14.154 2372.293745454546 55
60 0.4 31430.88925 1866.2484447676534 33241.458 14.154 5623.180323076924 65
70 0.6 40800.49283333333 2897.8466260421983 44472.446 14.154 7119.279391304349 69
80 0.7 48330.81428571429 2250.2454173255796 52069.195 14.154 9813.776466666668 75
90 11 53416.72324545453 3793.9255676496878 59388.358 14.154 13101.816280487805 82
100 40.4 22248.20689108911 14128.364779291262 59388.358 14.154 36198.89839583333 192
110 0.9 6626.329555555556 1136.6594959694744 59388.358 14.154 26742.389389261745 596
120 0 0 0 59388.358 14.154 26443.142218181816 605
130 0 0 0 59388.358 14.154 26443.142218181816 605
140 0 0 0 59388.358 14.154 26443.142218181816 605
150 0 0 0 59388.358 14.154 26443.142218181816 605
160 0 0 0 59388.358 14.154 26443.142218181816 605
170 0 0 0 59388.358 14.154 26443.142218181816 605
180 0 0 0 59388.358 14.154 26443.142218181816 605
190 0 0 0 59388.358 14.154 26443.142218181816 605
197 0 0 0 59388.358 14.154 26443.142218181816 605
