0 0.1 338.721 0 338.721 338.721 0 0
10 0.8 388.440875 284.07246183211663 1106.396 196.17 338.721 1
20 0.1 4764.581 0.0 4764.581 196.17 382.91644444444444 9
30 0 0 0 4764.581 196.17 821.0829 10
40 0 0 0 4764.581 196.17 821.0829 10
50 0 0 0 4764.581 196.17 821.0829 10
60 0 0 0 4764.581 196.17 821.0829 10
70 0 0 0 4764.581 196.17 821.0829 10
80 0 0 0 4764.581 196.17 821.0829 10
90 0.3 75219.29333333333 949.9534780189105 76372.547 196.17 821.0829 10
100 0.8 74818.441 1865.2029091009167 77035.807 196.17 17989.900692307692 13
110 0.4 48138.3345 13498.694707450133 77035.807 196.17 39638.86842857143 21
120 0.5 30460.851000000002 5233.5954780947695 77035.807 196.17 40998.783 25
130 0.3 34239.16733333334 483.8534443026673 77035.807 196.17 39242.461 30
140 0.2 39397.177 111.73099999999977 77035.807 196.17 38787.61612121213 33
150 0.5 51965.8858 1303.9912228033454 77035.807 196.17 38822.44817142858 35
160 0.8 57842.5925 1964.2485927035166 77035.807 196.17 40465.377875000006 40
170 0.6 63176.88016666667 425.73508732207983 77035.807 196.17 43361.5803125 48
180 0.9 70513.98044444445 2670.8665912442048 77035.807 196.17 45563.280296296296 54
190 6.8 71550.13492647058 3698.6328788172796 77587.091 196.17 49127.666031746034 63
197 41.1 42310.2129391727 6121.860198459263 77587.091 196.17 60766.810190839686 131
