0 0.9 316.4194444444444 43.660997316728306 402.421 271.722 0 0
10 3.6 708.8646944444446 507.5814163279521 1879.726 255.69 316.4194444444444 9
20 3.8 5742.603894736842 1681.4273496691778 7520.441 255.69 630.3756444444444 45
30 6.9 10537.918797101449 1795.6773245869522 13525.67 255.69 2970.9138795180725 83
40 6.6 17517.260696969694 2189.312848910466 20934.304 255.69 6405.935848684211 152
50 6.6 25092.59515151515 2228.913307679758 28854.377 255.69 9769.914931192661 218
60 7.4 33041.451418918914 2484.4669458250773 37213.334 255.69 13330.819489436619 284
70 7.6 41841.75535526316 2776.7425883474507 46071.634 255.69 17405.084189944133 358
80 7.2 50978.15330555555 2483.1631460535095 54823.566 255.69 21684.31692857143 434
90 9.9 59144.64940404037 1301.3661435169515 60006.767 255.69 25852.60985177866 506
100 0 0 0 60006.767 255.69 31300.39814214876 605
110 0 0 0 60006.767 255.69 31300.39814214876 605
120 0 0 0 60006.767 255.69 31300.39814214876 605
130 0 0 0 60006.767 255.69 31300.39814214876 605
140 0 0 0 60006.767 255.69 31300.39814214876 605
150 0 0 0 60006.767 255.69 31300.39814214876 605
160 0 0 0 60006.767 255.69 31300.39814214876 605
170 0 0 0 60006.767 255.69 31300.39814214876 605
180 0 0 0 60006.767 255.69 31300.39814214876 605
190 0 0 0 60006.767 255.69 31300.39814214876 605
197 0 0 0 60006.767 255.69 31300.39814214876 605
