0 0.2 5.447 3.9219999999999997 9.369 1.525 0 0
10 2 1.8599 1.0382546363970644 9.369 1.167 5.447 2
20 10 1.75086 0.9878660235072366 9.369 1.167 2.186 22
30 39.6 1.8964065656565654 1.9781214608808266 25.163 0.991 1.829327868852459 122
40 96.1 1.699060353798127 1.3686692445730053 25.163 0.759 1.8806081081081079 518
50 28.9 2.4930276816609007 1.6838100947612484 25.163 0.759 1.7626450304259633 1479
60 23.5 1.862863829787234 1.4602292819710738 25.163 0.759 1.8820345022624434 1768
70 10.2 1.6001078431372548 0.5091491539017592 25.163 0.759 1.8797853220169745 2003
80 2.6 1.5844999999999998 0.3725305614721686 25.163 0.759 1.8662332541567694 2105
90 2.3 1.9043913043478264 0.9806202446779342 25.163 0.759 1.8627958704833412 2131
100 1.2 1.5252499999999998 0.17463157646886207 25.163 0.759 1.8632400185701021 2154
110 0.2 1.3205 4.999999999999449e-4 25.163 0.759 1.8613674976915973 2166
120 0 0 0 25.163 0.759 1.8608685424354243 2168
130 0 0 0 25.163 0.759 1.8608685424354243 2168
140 0 0 0 25.163 0.759 1.8608685424354243 2168
150 0 0 0 25.163 0.759 1.8608685424354243 2168
151 0 0 0 25.163 0.759 1.8608685424354243 2168
