0 0.1 680.8984375 0 680.8984375 680.8984375 0 0
10 0.1 678.421875 0.0 680.8984375 678.421875 680.8984375 1
20 0.1 668.86328125 0.0 680.8984375 668.86328125 679.66015625 2
30 0.1 638.93359375 0.0 680.8984375 638.93359375 676.0611979166666 3
40 0.1 568.6953125 0.0 680.8984375 568.6953125 666.779296875 4
50 0.1 526.234375 0.0 680.8984375 526.234375 647.1625 5
60 0.1 440.37890625 0.0 680.8984375 440.37890625 627.0078125 6
70 0.1 347.1796875 0.0 680.8984375 347.1796875 600.3465401785714 7
80 0.1 330.5546875 0.0 680.8984375 330.5546875 568.70068359375 8
90 0.1 325.36328125 0.0 680.8984375 325.36328125 542.2400173611111 9
100 0.1 320.71875 0.0 680.8984375 320.71875 520.55234375 10
110 0.1 318.0703125 0.0 680.8984375 318.0703125 502.38565340909093 11
120 0.1 313.0234375 0.0 680.8984375 313.0234375 487.0260416666667 12
130 0.1 308.61328125 0.0 680.8984375 308.61328125 473.64122596153845 13
140 0.1 305.22265625 0.0 680.8984375 305.22265625 461.853515625 14
150 0.1 315.8046875 0.0 680.8984375 305.22265625 451.4114583333333 15
151 0.1 667.69921875 0.0 680.8984375 305.22265625 442.93603515625 16
