0 0.1 0.9609375 0 0.9609375 0.9609375 0 0
10 0.1 0.80859375 0.0 0.9609375 0.80859375 0.9609375 1
20 0.1 0.69140625 0.0 0.9609375 0.69140625 0.884765625 2
30 0.1 0.578125 0.0 0.9609375 0.578125 0.8203125 3
40 0.1 0.48828125 0.0 0.9609375 0.48828125 0.759765625 4
50 0.1 0.421875 0.0 0.9609375 0.421875 0.70546875 5
60 0.1 0.4296875 0.0 0.9609375 0.421875 0.658203125 6
70 0.1 0.37109375 0.0 0.9609375 0.37109375 0.6255580357142857 7
80 0.1 0.30859375 0.0 0.9609375 0.30859375 0.59375 8
90 0.1 0.26171875 0.0 0.9609375 0.26171875 0.5620659722222222 9
100 0.1 0.21875 0.0 0.9609375 0.21875 0.53203125 10
110 0.1 0.19140625 0.0 0.9609375 0.19140625 0.5035511363636364 11
120 0.1 0.16015625 0.0 0.9609375 0.16015625 0.4775390625 12
130 0.1 0.12890625 0.0 0.9609375 0.12890625 0.453125 13
140 0.1 0.109375 0.0 0.9609375 0.109375 0.42996651785714285 14
150 0.1 0.08984375 0.0 0.9609375 0.08984375 0.40859375 15
151 0.1 0.078125 0.0 0.9609375 0.078125 0.388671875 16
