0 0.6 56.8715 101.81813117965123 284.436 7.711 0 0
10 7.6 103.49406578947367 161.85191149704 521.529 5.267 56.8715 6
20 30 214.88473333333343 448.41548186446715 2162.379 5.267 100.08265853658534 82
30 53.7 2729.2865940409674 1643.607603484234 8283.289 5.267 190.2413560209425 382
40 62.3 3749.5159502407705 3637.548252945013 11568.327 0.453 1673.8836768226329 919
50 101.3 11348.83939881542 3520.3114253059584 19077.571 0.13 2512.482189364461 1542
60 74.4 12082.182321236549 2979.9215038151306 19077.571 0.13 6015.898961643844 2555
70 29 15334.89740344827 2519.690282357519 20620.697 0.13 7383.98469051228 3299
80 13.2 22358.724560606064 1530.834800832334 25486.848 0.13 8026.437932850379 3589
90 12.7 29472.68477952756 2194.165054183756 33181.149 0.13 8534.866267938729 3721
100 12.5 37773.008552 2463.7882638701676 42110.663 0.13 9225.901338357591 3848
110 13 46445.66486923076 2582.478676795269 51074.857 0.13 10124.061016612133 3973
120 12.8 55376.77013281252 2534.526470251772 59749.669 0.13 11274.879564221303 4103
130 31.4 59997.34621337576 35.75798682583706 60005.512 0.13 12609.089441975893 4231
140 82 32697.86767682925 18150.716321199277 60005.512 0.13 15882.997610561053 4545
150 62.6 20.48874760383387 17.153391790276842 60005.512 0.13 18453.024349487412 5365
151 2.4 8.685041666666667 4.382145502673002 60005.512 0.13 16527.007442997823 5991
