0 0.1 1285.012 0 1285.012 1285.012 0 0
10 1.8 1389.4775555555557 61.078229700589965 1522.371 1285.012 1285.012 1
20 4.7 2104.651319148937 469.4383243053796 3162.732 1285.012 1383.9793684210526 19
30 6.6 6351.998560606061 1732.543374821879 9283.517 1285.012 1897.185151515152 66
40 15.4 4936.102311688313 4338.768893565446 12568.691 1002.234 4124.591856060606 132
50 10.2 12800.42212745098 5782.38262009305 20078.183 1002.234 4561.559024475526 286
60 8.1 14632.501925925932 6109.176214990737 20078.183 1002.234 6727.445716494845 388
70 9.4 18859.68191489361 1621.303830684044 21621.323 1002.234 8092.711287846483 469
80 9.6 23754.496447916667 1349.3743214435249 26487.359 1002.234 9890.393772646537 563
90 10.3 30663.562524271845 2091.705155140725 34181.815 1002.234 11910.050611532626 659
100 10.6 38742.03753773585 2580.7000879062757 43111.077 1002.234 14444.974137795278 762
110 10.6 47533.744084905666 2602.727586220683 52075.637 1002.234 17412.127041474658 868
120 9.9 56381.35835353535 2508.8846930679633 60750.728 1002.234 20690.249635523618 974
130 13 61000.51175384613 18.70769308232341 61005.264 1002.234 23983.278305684995 1073
140 0 0 0 61005.264 1002.234 27983.478096425595 1203
150 0 0 0 61005.264 1002.234 27983.478096425595 1203
151 0 0 0 61005.264 1002.234 27983.478096425595 1203
