0 0.4 4.3425 4.8882220949952755 12.809 1.48 0 0
10 2.8 1.6524999999999999 0.796115905954834 12.809 1.223 4.3425 4
20 11.7 1.5272051282051282 0.4503007074757806 12.809 1.17 1.98875 32
30 45.8 1.6490152838427945 1.6052160738888734 22.078 1.009 1.6263288590604026 149
40 95.6 2.268215481171548 2.3066216673588595 22.078 0.807 1.6434464579901151 607
50 44.1 1.5843628117913833 0.9065240008180775 22.078 0.807 2.0255828534868843 1563
60 41.7 1.5569880095923267 0.5931501298953237 22.078 0.807 1.928488023952096 2004
70 5.8 1.5703793103448276 0.3202440248217086 22.078 0.807 1.8644997934737715 2421
80 3.9 1.5654615384615387 0.3987611486202175 22.078 0.807 1.8576183945139173 2479
90 1 1.5511 0.35625509119169096 22.078 0.807 1.8530933280381259 2518
100 1.6 1.5430624999999998 0.34012469565403514 22.078 0.807 1.8518987341772157 2528
110 0.8 1.632875 0.13785176594806461 22.078 0.807 1.849956367924529 2544
120 1.1 1.6747272727272728 0.4625862260475615 22.078 0.807 1.8492758620689662 2552
130 0.7 2.1341428571428573 1.0268089860716798 22.078 0.807 1.8485267264923921 2563
140 0 0 0 22.078 0.807 1.849304669260701 2570
150 0 0 0 22.078 0.807 1.849304669260701 2570
150 0 0 0 22.078 0.807 1.849304669260701 2570
