0 0.1 5.054228633518428 0 5.054228633518428 5.054228633518428 0 0
10 0.1 0.399002493765586 0.0 5.054228633518428 0.399002493765586 5.054228633518428 1
20 0.1 1.294820717131474 0.0 5.054228633518428 0.399002493765586 2.726615563642007 2
30 0.1 3.3840117704757233 0.0 5.054228633518428 0.399002493765586 2.2493506148051625 3
40 0.1 6.705258080077183 0.0 6.705258080077183 0.399002493765586 2.5330159037228026 4
50 0.1 8.261287223823247 0.0 8.261287223823247 0.399002493765586 3.367464338993679 5
60 0.1 7.632474477394263 0.0 8.261287223823247 0.399002493765586 4.183101486465273 6
70 0.1 4.146100691016782 0.0 8.261287223823247 0.399002493765586 4.675869056597986 7
80 0.1 1.4449427005480817 0.0 8.261287223823247 0.399002493765586 4.609648010900336 8
90 0.1 2.243270189431705 0.0 8.261287223823247 0.399002493765586 4.258014087527863 9
100 0.1 2.4 0.0 8.261287223823247 0.399002493765586 4.0565396977182475 10
110 0.1 1.4478282576135795 0.0 8.261287223823247 0.399002493765586 3.905945179743861 11
120 0.1 0.6993006993006993 0.0 8.261287223823247 0.399002493765586 3.701102102899671 12
130 0.1 2.1457085828343314 0.0 8.261287223823247 0.399002493765586 3.470194302622827 13
140 0.1 1.394422310756972 0.0 8.261287223823247 0.399002493765586 3.3755881797807916 14
150 0.1 5.750487329434698 0.0 8.261287223823247 0.399002493765586 3.2435104551792038 15
