0 0.1 687.5859375 0 687.5859375 687.5859375 0 0
10 0.1 686.76171875 0.0 687.5859375 686.76171875 687.5859375 1
20 0.1 672.734375 0.0 687.5859375 672.734375 687.173828125 2
30 0.1 646.5625 0.0 687.5859375 646.5625 682.3606770833334 3
40 0.1 598.24609375 0.0 687.5859375 598.24609375 673.4111328125 4
50 0.1 520.19140625 0.0 687.5859375 520.19140625 658.378125 5
60 0.1 385.66015625 0.0 687.5859375 385.66015625 635.3470052083334 6
70 0.1 343.6953125 0.0 687.5859375 343.6953125 599.6774553571429 7
80 0.1 339.6015625 0.0 687.5859375 339.6015625 567.6796875 8
90 0.1 334.6015625 0.0 687.5859375 334.6015625 542.3376736111111 9
100 0.1 330.609375 0.0 687.5859375 330.609375 521.5640625 10
110 0.1 326.06640625 0.0 687.5859375 326.06640625 504.20454545454544 11
120 0.1 322.35546875 0.0 687.5859375 322.35546875 489.3597005208333 12
130 0.1 316.578125 0.0 687.5859375 316.578125 476.51322115384613 13
140 0.1 315.7578125 0.0 687.5859375 315.7578125 465.0892857142857 14
150 0.1 328.66796875 0.0 687.5859375 315.7578125 455.13385416666665 15
