0 0.1 0.0390625 0 0.0390625 0.0390625 0 0
10 0.1 0.03125 0.0 0.0390625 0.03125 0.0390625 1
20 0.1 0.01953125 0.0 0.0390625 0.01953125 0.03515625 2
30 0.1 0.01953125 0.0 0.0390625 0.01953125 0.029947916666666668 3
40 0.1 0.01953125 0.0 0.0390625 0.01953125 0.02734375 4
50 0.1 0.01171875 0.0 0.0390625 0.01171875 0.02578125 5
60 0.1 0.01171875 0.0 0.0390625 0.01171875 0.0234375 6
70 0.1 0.01171875 0.0 0.0390625 0.01171875 0.021763392857142856 7
80 0.1 0.01171875 0.0 0.0390625 0.01171875 0.0205078125 8
90 0.1 0.01171875 0.0 0.0390625 0.01171875 0.01953125 9
100 0.1 0.0 0.0 0.0390625 0.0 0.01875 10
110 0.1 0.0 0.0 0.0390625 0.0 0.017045454545454544 11
120 0.1 0.0 0.0 0.0390625 0.0 0.015625 12
130 0.1 0.0 0.0 0.0390625 0.0 0.014423076923076924 13
140 0.1 0.0 0.0 0.0390625 0.0 0.013392857142857142 14
150 0.1 0.0 0.0 0.0390625 0.0 0.0125 15
