0 0.7 176.34442857142858 185.50655919774846 467.617 13.412 0 0
10 5.7 202.6182456140351 235.71493290832206 796.439 11.153 176.34442857142858 7
20 15 508.4675999999997 829.1547445264405 3036.877 10.844 199.744546875 64
30 19.4 5106.800103092787 2336.6438017981595 11022.482 10.844 416.1392102803736 214
40 29.6 5026.680918918915 5911.05932765791 20012.184 1.879 2646.502477941178 408
50 61 17288.123383606555 3584.4861491390534 24184.773 1.879 3647.259322443181 704
60 37.7 19785.25227586207 3502.112794375928 31055.76 1.879 9979.776124048705 1314
70 7.3 23656.48094520547 6939.275631087195 37491.052 1.879 12165.858033707864 1691
80 3 29546.513200000005 6076.228819221938 43492.383 1.879 12641.377009070295 1764
90 3.2 41122.01953124999 7755.185705759429 54425.4 1.879 12924.0715942029 1794
100 1.6 50515.24537499999 6774.385135181118 63817.424 1.879 13418.230594194962 1826
110 1.7 58582.854352941176 6433.872770546504 65970.993 1.879 13740.463078718783 1842
120 13.4 66721.60264925376 7021.469824231464 75886.222 1.879 14150.533359332974 1859
130 14.6 71973.67523972604 9586.173725398674 82969.432 1.879 17685.16621675866 1993
140 84.5 63935.78883313616 30719.038848186334 84484.599 1.879 21390.693246844323 2139
150 61.7 12.981210696920586 9.56845865784491 84484.599 1.879 33438.4833843834 2984
150 0 0 0 84484.599 1.879 27711.314586503766 3601
