0 1.4 87.96357142857143 150.9408177109323 454.688 5.181 0 0
10 11 104.9454545454546 186.99434847500976 771.434 4.618 87.96357142857143 14
20 31.4 395.607656050955 735.9079742283164 3182.391 4.48 103.02814516129037 124
30 44.7 3116.2763266219235 1695.9093823329922 8012.473 4.48 312.776926940639 438
40 88.2 5013.891984126982 4101.819364572472 12698.134 0.172 1728.7817084745761 885
50 115.4 9954.691265164625 2484.020947732592 16540.33 0.172 3368.548127900395 1767
60 46.6 10661.883412017167 2288.3855560788606 16540.33 0.172 5970.536892160211 2921
70 16.4 18364.777579268302 2266.932391955255 22833.73 0.172 6615.995255978734 3387
80 13.6 26536.704801470587 2499.914675706604 31082.477 0.172 7158.603056885378 3551
90 13.5 35390.04071851853 2533.412953387425 39926.914 0.172 7873.390644968803 3687
100 12.6 44223.54083333333 4722.116177116044 49068.646 0.172 8845.3288343799 3822
110 11.9 53095.529798319345 2443.0238734458208 57610.243 0.172 9974.420706686924 3948
120 32.8 59887.7099085366 401.812563267122 60009.287 0.172 11236.139905581504 4067
130 14.6 60001.86583561645 0.8955302020872276 60009.287 0.172 14867.019305119451 4395
140 84.5 30389.143382248432 18473.6701357291 60009.287 0.172 16318.172706011888 4541
150 61.7 12.981210696920586 9.56845865784491 60009.287 0.172 18525.742372075736 5386
150 0 0 0 60009.287 0.172 16622.96482142261 6003
