10 0.4 10872.644250000001 873.8750071138251 11712.397 9406.106 0 0
20 0.9 11034.352444444443 1118.0034814220405 12794.292 9406.106 10872.644250000001 4
30 2.5 17443.811920000007 1817.1645605882336 20885.189 9406.106 10984.596076923077 13
40 4 21990.793725000003 3556.7726964264093 28744.343 8747.099 15234.080184210534 38
50 2.8 30633.802428571427 2333.7854300660874 33990.348 8747.099 18699.06148717949 78
60 3.4 30125.822588235293 6963.101883956174 42367.846 8747.099 21851.634566037734 106
70 3.6 38182.02175000001 6725.5650609296345 51867.718 8747.099 23861.080228571427 140
80 2.1 45729.19357142857 6136.186501299193 56414.479 8747.099 26790.36372159091 176
90 1.6 59051.3923125 5166.816580631777 68172.573 8747.099 28809.22375634518 197
100 0.7 70437.23885714286 1932.6884706688047 72925.411 8747.099 31080.93594835681 213
110 0.7 81937.56871428574 5217.183419577668 85831.261 8747.099 32333.181950000006 220
120 6.8 95065.92476470582 4120.000858546142 99363.634 8747.099 33862.832643171816 227
130 5.7 101012.67649122806 3135.3670823458583 107221.46 8747.099 47970.66404745762 295
140 23.4 106946.42395726495 3817.891533338155 112350.405 8747.099 56559.853562499986 352
150 61.5 112691.65114146352 1996.1343830476414 117328.041 8747.099 76680.08815699659 586
150 0 0 0 117328.041 8747.099 95120.64705412161 1201
