10 0.4 4018.8050000000003 3.8618661292177108 4025.111 4015.373 0 0
20 0.9 4692.532111111112 843.651217302828 6354.301 4015.373 4018.8050000000003 4
30 2.5 8703.7966 999.9441956986593 10249.085 4015.373 4485.231461538462 13
40 3.8 8624.756105263155 4800.297361090472 16263.315 4002.926 7260.603263157895 38
50 2.4 16302.635625000003 3038.1331236994847 18711.945 4002.926 7942.679684210526 76
60 3.7 15747.876729729733 1461.8693292681835 18711.945 4002.926 9949.06911 100
70 3.7 21662.104594594595 1605.5014081507288 24962.919 4002.926 11515.170437956205 137
80 2.2 30158.029045454543 2269.9825029086855 34008.769 4002.926 13672.85183908046 174
90 1.6 38392.30681249999 2580.3354016494964 42881.613 4002.926 15523.22887244898 196
100 0.7 48678.97114285715 1377.16669469483 49689.09 4002.926 17249.197018867926 212
110 0.7 55087.705714285716 1691.6194463196446 57643.292 4002.926 18253.80167123288 219
120 6.7 63975.739955223886 214.4597791392608 64008.514 4002.926 19394.67480530974 226
130 5.6 64003.99644642859 0.4418502865248251 64008.514 4002.926 29588.979805460753 293
140 23.4 22072.434452991452 22022.258221780037 64008.514 4002.926 35111.1601260745 349
150 61.7 4014.149536466777 9.639800262178772 64008.514 4002.926 29877.777951972555 583
150 0 0 0 64008.514 4002.926 16579.562341666668 1200
