0 0.3 1373.1286666666667 58.14046018240844 1455.194 1327.688 0 0
10 2.5 1415.7429600000003 169.84888652292778 1772.82 1250.762 1373.1286666666667 3
20 5.5 2813.0623636363634 569.914527694823 4183.594 1250.762 1411.177142857143 28
30 6.5 6718.318523076922 1291.968961750447 9012.844 1250.762 2340.137228915663 83
40 15.6 5647.782961538467 4967.398188134472 13699.207 1002.423 4262.987121621622 148
50 10.2 12544.514264705886 4927.055545126415 17540.868 1002.08 4973.606039473688 304
60 8.9 13730.090808988765 2903.656366132229 17540.868 1002.08 6875.65687438424 406
70 9.1 20149.424054945055 2111.7230175211944 23834.717 1002.08 8108.0702484848525 495
80 10.6 27810.184198113206 2487.0146758419055 32083.574 1002.08 9977.973313993176 586
90 10.3 36624.7183592233 2554.0461711439602 40927.982 1002.08 12709.496946531792 692
100 11 45454.556609090905 2679.898813225137 50069.317 1002.08 15807.9470163522 795
110 10.2 54418.5453235294 2370.219033356791 58610.986 1002.08 19411.402325966847 905
120 19.4 60842.24651030929 456.89453663578735 61010.964 1002.08 22957.30956107249 1007
130 0 0 0 61010.964 1002.08 29076.941341382182 1201
140 0 0 0 61010.964 1002.08 29076.941341382182 1201
150 0 0 0 61010.964 1002.08 29076.941341382182 1201
150 0 0 0 61010.964 1002.08 29076.941341382182 1201
