0 0.1 22.667784153181614 0 22.667784153181614 22.667784153181614 0 0
10 0.1 1.1970074812967582 0.0 22.667784153181614 1.1970074812967582 22.667784153181614 1
20 0.1 0.997506234413965 0.0 22.667784153181614 0.997506234413965 11.932395817239186 2
30 0.1 3.2480314960629917 0.0 22.667784153181614 0.997506234413965 8.287432622964113 3
40 0.1 8.078393881453156 0.0 22.667784153181614 0.997506234413965 7.027582341238833 4
50 0.1 8.437200383509108 0.0 22.667784153181614 0.997506234413965 7.237744649281697 5
60 0.1 7.263107263107263 0.0 22.667784153181614 0.997506234413965 7.437653938319599 6
70 0.1 5.988315481986368 0.0 22.667784153181614 0.997506234413965 7.412718699003551 7
80 0.1 2.4281466798810705 0.0 22.667784153181614 0.997506234413965 7.234668296876404 8
90 0.1 0.798801797304044 0.0 22.667784153181614 0.798801797304044 6.700610339432477 9
100 0.1 0.6996501749125438 0.0 22.667784153181614 0.6996501749125438 6.110429485219634 10
110 0.1 0.9955201592832255 0.0 22.667784153181614 0.6996501749125438 5.618540457009899 11
120 0.1 1.6409746394828444 0.0 22.667784153181614 0.6996501749125438 5.233288765532676 12
130 0.1 0.7488766849725411 0.0 22.667784153181614 0.6996501749125438 4.956956909682689 13
140 0.1 1.4910536779324055 0.0 22.667784153181614 0.6996501749125438 4.656379750774822 14
150 0.1 4.923682914820286 0.0 22.667784153181614 0.6996501749125438 4.445358012585327 15
151 0.1 7.020057306590258 0.0 22.667784153181614 0.6996501749125438 4.475253318975012 16
