0 0.3 114.74133333333334 131.0819197152003 300.069 18.343 0 0
10 3.8 207.11602631578947 199.26143172059517 550.102 13.274 114.74133333333334 3
20 15.3 333.7509150326797 544.2693814988223 3081.109 12.601 200.3569024390244 41
30 22.6 4819.1294778761085 2218.2353864093875 10698.609 12.601 305.55939690721647 194
40 26.9 4521.192159851305 4997.072880957204 17450.386 1.824 2734.2899642857155 420
50 27.5 15771.061439999989 5848.921605975882 24297.102 1.824 3431.933927431062 689
60 66.3 22410.22484766215 4813.316175150342 30309.9 1.824 6951.9132489626545 964
70 19.6 22969.186249999984 6288.270580115375 38460.77 1.824 13251.15147264905 1627
80 3.6 33454.55286111112 8080.3149885668545 41689.898 1.824 14295.986808008776 1823
90 2.4 38626.96583333332 7737.655628772418 46337.38 1.824 14666.997231845076 1859
100 1.9 42207.300421052634 7964.935644081899 58224.544 1.824 14972.381855549655 1883
110 2.4 54464.786916666686 5993.616269821397 63609.92 1.824 15244.444659305993 1902
120 2.9 62486.01955172414 8570.485034794885 78143.653 1.824 15733.171665628244 1926
130 18.4 68695.5619293478 9053.462756826722 80720.167 1.824 16426.6921713555 1955
140 82 66154.72411097547 24885.953253528296 83212.331 1.824 20922.939032258062 2139
150 62.6 20.48874760383387 17.153391790276842 83212.331 1.824 33457.60066272385 2959
151 2.4 8.685041666666667 4.382145502673002 83212.331 1.824 27618.93063235701 3585
