10 0.1 14249.004 0 14249.004 14249.004 0 0
20 1.2 11957.268416666668 1832.8484288573181 14786.746 9485.311 14249.004 1
30 2.3 18006.141347826087 2203.16687144121 21149.465 9485.311 12133.555769230772 13
40 3.3 20708.322787878787 2480.6297983009836 26847.18 9485.311 15885.485444444445 36
50 2.6 26072.85484615384 7792.642739945435 34441.019 9279.999 18192.059826086956 69
60 6.6 31587.989606060604 6735.154806813932 41865.375 9279.999 20348.908989473683 95
70 5.7 35711.27129824558 7192.025896849501 49725.557 9279.999 24956.233962732917 161
80 1.1 52980.852272727265 5001.109096390016 59687.994 9279.999 27768.330880733934 218
90 0.8 61678.59175 5171.919590337005 68987.143 9279.999 28979.41269432313 229
100 1.4 70914.95514285713 4871.0525383579525 77707.74 9279.999 30083.182451476783 237
110 1 82374.4705 4812.240862081559 87660.108 9279.999 32360.6518446215 251
120 1.6 92067.53549999998 5552.989131430595 98012.275 9279.999 34276.89010727968 261
130 9.5 101198.29550526317 2900.784785810729 106150.664 9279.999 37614.97792779782 277
140 18.3 107734.9968469946 3017.547285250573 111562.942 9279.999 53852.6531155914 372
150 62.9 113842.42277106518 2086.8282728527865 118590.372 9279.999 71619.26375135138 555
151 1.9 115352.60173684215 494.8432019731515 118590.372 9279.999 94050.31698057432 1184
