20 1.3 4207.802999999999 350.54800569043124 5326.45 4016.381 0 0
30 2.2 9056.444363636361 865.4922322512911 10367.659 4016.381 4207.802999999999 13
40 3.4 8771.786058823529 3912.3516652990324 15143.109 4002.466 7255.520428571427 35
50 2.5 12234.647199999998 6925.988776528295 20939.352 4002.466 8002.665811594201 69
60 6.2 16152.16329032258 3994.6662799655683 21264.479 4002.466 9128.192776595743 94
70 6.2 19179.545145161293 1944.5443501958946 23664.779 4002.466 11919.77080128205 156
80 1.1 25537.74890909091 2259.4531055132243 28216.826 4002.466 13984.477266055044 218
90 0.8 32144.983375 2401.4184611773185 36958.142 4002.466 14539.437912663754 229
100 1.4 41630.53592857143 1588.5717501482927 45281.05 4002.466 15133.717928270042 237
110 0.9 51370.19277777778 2112.5500931590173 53978.374 4002.466 16611.62809561753 251
120 1.7 59704.08082352942 2587.6971268199545 63238.873 4002.466 17814.809180769233 260
130 9.5 63999.16411578948 20.90590086220534 64006.626 4002.466 20385.630906137183 277
140 18.1 28411.165381215473 23535.66904661311 64006.626 4002.466 31523.49556989247 372
150 62.6 4021.6797428115015 17.113396217069692 64006.626 4002.466 30504.812452079565 553
151 2.4 4009.8631250000003 4.454947065833279 64006.626 4002.466 16443.369639525023 1179
