0 0.4 3.13175 2.1161867090358544 6.616 1.068 0 0
10 4 1.2663749999999996 0.502423660246012 6.616 0.927 3.13175 4
20 12.9 1.2547519379844962 0.7852779099335325 6.616 0.526 1.4359545454545453 44
30 64.3 1.3225583203732503 1.2209912288664786 15.256 0.526 1.3008381502890174 173
40 65.9 1.3768391502276185 1.0055259843659388 15.256 0.526 1.3179534313725492 816
50 26.3 1.4022547528517124 0.836257487435 15.256 0.526 1.3442623728813565 1475
60 9.8 1.421520408163266 0.7250937761954549 15.256 0.526 1.353037974683545 1738
70 8.6 1.2062209302325582 0.547303249157786 15.256 0.526 1.3566933551198266 1836
80 8.5 1.288 0.703100294075754 15.256 0.526 1.3499604578564004 1922
90 10.3 1.3630291262135925 0.8119535528385831 15.256 0.526 1.347336322869956 2007
100 5.5 1.4112181818181817 0.7229814706769105 15.256 0.526 1.348102369668247 2110
110 0 0 0 15.256 0.526 1.3497057736720561 2165
120 0 0 0 15.256 0.526 1.3497057736720561 2165
130 0 0 0 15.256 0.526 1.3497057736720561 2165
140 0 0 0 15.256 0.526 1.3497057736720561 2165
150 0 0 0 15.256 0.526 1.3497057736720561 2165
160 0 0 0 15.256 0.526 1.3497057736720561 2165
170 0 0 0 15.256 0.526 1.3497057736720561 2165
180 0 0 0 15.256 0.526 1.3497057736720561 2165
190 0 0 0 15.256 0.526 1.3497057736720561 2165
200 0 0 0 15.256 0.526 1.3497057736720561 2165
204 0 0 0 15.256 0.526 1.3497057736720561 2165
