0 0.1 0.8073176396649953 0 0.8073176396649953 0.8073176396649953 0 0
10 0.1 1.7964071856287425 0.0 1.7964071856287425 0.8073176396649953 0.8073176396649953 1
20 0.1 1.5968063872255487 0.0 1.7964071856287425 0.8073176396649953 1.301862412646869 2
30 0.1 0.9495252373813095 0.0 1.7964071856287425 0.8073176396649953 1.400177070839762 3
40 0.1 2.744510978043912 0.0 2.744510978043912 0.8073176396649953 1.287514112475149 4
50 0.1 3.825136612021858 0.0 3.825136612021858 0.8073176396649953 1.5789134855889018 5
60 0.1 2.935323383084577 0.0 3.825136612021858 0.8073176396649953 1.953284006661061 6
70 0.1 1.794616151545364 0.0 3.825136612021858 0.8073176396649953 2.0935753461501347 7
80 0.1 0.4506760140210316 0.0 3.825136612021858 0.4506760140210316 2.056205446824538 8
90 0.1 3.039362232187344 0.0 3.825136612021858 0.4506760140210316 1.8778132876241485 9
100 0.1 1.2481278082875686 0.0 3.825136612021858 0.4506760140210316 1.993968182080468 10
110 0.1 8.3210964268233 0.0 8.3210964268233 0.4506760140210316 1.9261645117356592 11
120 0.1 2.6355047240179017 0.0 8.3210964268233 0.4506760140210316 2.459075504659629 12
130 0.1 0.5497251374312844 0.0 8.3210964268233 0.4506760140210316 2.472646983071804 13
140 0.1 1.2 0.0 8.3210964268233 0.4506760140210316 2.3352954226689095 14
150 0.1 0.2506265664160401 0.0 8.3210964268233 0.2506265664160401 2.259609061157649 15
160 0.1 1.4492753623188406 0.0 8.3210964268233 0.2506265664160401 2.1340476552362984 16
170 0.1 1.3993003498250876 0.0 8.3210964268233 0.2506265664160401 2.093766932123507 17
180 0.1 5.999008428358949 0.0 8.3210964268233 0.2506265664160401 2.05518545532915 18
190 0.1 2.092675635276532 0.0 8.3210964268233 0.2506265664160401 2.2627550854886134 19
200 0.1 0.7511266900350526 0.0 8.3210964268233 0.2506265664160401 2.2542511129780096 20
204 0.1 2.8656126482213438 0.0 8.3210964268233 0.2506265664160401 2.182673759504535 21
