0 0.1 659.1640625 0 659.1640625 659.1640625 0 0
10 0.1 658.75 0.0 659.1640625 658.75 659.1640625 1
20 0.1 650.1953125 0.0 659.1640625 650.1953125 658.95703125 2
30 0.1 640.90625 0.0 659.1640625 640.90625 656.0364583333334 3
40 0.1 611.11328125 0.0 659.1640625 611.11328125 652.25390625 4
50 0.1 595.1953125 0.0 659.1640625 595.1953125 644.02578125 5
60 0.1 593.33984375 0.0 659.1640625 593.33984375 635.8873697916666 6
70 0.1 591.44921875 0.0 659.1640625 591.44921875 629.8091517857143 7
80 0.1 585.49609375 0.0 659.1640625 585.49609375 625.01416015625 8
90 0.1 579.41796875 0.0 659.1640625 579.41796875 620.6232638888889 9
100 0.1 571.1015625 0.0 659.1640625 571.1015625 616.502734375 10
110 0.1 563.42578125 0.0 659.1640625 563.42578125 612.3753551136364 11
120 0.1 564.5234375 0.0 659.1640625 563.42578125 608.2962239583334 12
130 0.1 563.83984375 0.0 659.1640625 563.42578125 604.9290865384615 13
140 0.1 563.6796875 0.0 659.1640625 563.42578125 601.994140625 14
150 0.1 563.04296875 0.0 659.1640625 563.04296875 599.43984375 15
160 0.1 560.69140625 0.0 659.1640625 560.69140625 597.1650390625 16
170 0.1 569.765625 0.0 659.1640625 560.69140625 595.01953125 17
180 0.1 509.73046875 0.0 659.1640625 509.73046875 593.6165364583334 18
190 0.1 441.4765625 0.0 659.1640625 441.4765625 589.2014802631579 19
200 0.1 453.25390625 0.0 659.1640625 441.4765625 581.815234375 20
204 0.1 639.00390625 0.0 659.1640625 441.4765625 575.6932663690476 21
