0 0.1 0.0 0 0.0 0.0 0 0
10 0.1 0.0 0.0 0.0 0.0 0.0 1
20 0.1 0.0 0.0 0.0 0.0 0.0 2
30 0.1 0.0 0.0 0.0 0.0 0.0 3
40 0.1 0.0 0.0 0.0 0.0 0.0 4
50 0.1 0.0703125 0.0 0.0703125 0.0 0.0 5
60 0.1 0.05859375 0.0 0.0703125 0.0 0.01171875 6
70 0.1 0.05078125 0.0 0.0703125 0.0 0.018415178571428572 7
80 0.1 0.0390625 0.0 0.0703125 0.0 0.0224609375 8
90 0.1 0.0390625 0.0 0.0703125 0.0 0.024305555555555556 9
100 0.1 0.03125 0.0 0.0703125 0.0 0.02578125 10
110 0.1 0.01953125 0.0 0.0703125 0.0 0.026278409090909092 11
120 0.1 0.01953125 0.0 0.0703125 0.0 0.025716145833333332 12
130 0.1 0.01953125 0.0 0.0703125 0.0 0.025240384615384616 13
140 0.1 0.01171875 0.0 0.0703125 0.0 0.024832589285714284 14
150 0.1 0.01171875 0.0 0.0703125 0.0 0.023958333333333335 15
160 0.1 0.01171875 0.0 0.0703125 0.0 0.023193359375 16
170 0.1 0.01171875 0.0 0.0703125 0.0 0.022518382352941176 17
180 0.1 0.01171875 0.0 0.0703125 0.0 0.021918402777777776 18
190 0.1 0.078125 0.0 0.078125 0.0 0.02138157894736842 19
200 0.1 0.0703125 0.0 0.078125 0.0 0.02421875 20
204 0.1 0.05859375 0.0 0.078125 0.0 0.026413690476190476 21
