0 0.5 280.4812 128.98843089114618 354.799 22.722 0 0
10 5.3 300.2809622641507 217.85749436860007 834.874 15.281 280.4812 5
20 7.5 2630.3064399999994 2744.434925626628 8082.642 15.281 298.57408620689625 58
30 7.7 8918.249350649352 1921.5738799029068 12509.368 15.281 1613.4607518796988 133
40 41.8 2919.93990909091 6034.064582238501 19401.149 0.928 4291.883238095238 210
50 26.2 6773.524606870233 10595.75518208774 29825.073 0.928 3378.7107675159245 628
60 10.4 24447.52115384617 13272.026062661838 35726.069 0.928 4378.082931460675 890
70 8.3 37613.336722891574 10805.369727577554 44335.935 0.928 6477.903429577468 994
80 8.6 45335.696790697686 13702.954728362245 53293.123 0.928 8877.38436118849 1077
90 37.9 57824.457274406304 10074.476026484046 60011.858 0.928 11573.355873602753 1163
100 99.9 18682.284466466444 27874.377967645516 83362.358 0.376 22941.16873411154 1542
110 29.9 16709.217428093638 27297.058834090254 89119.826 0.376 21266.77857929948 2541
120 7.4 60002.47113513512 0.9967342800287944 89119.826 0.376 20786.950838380275 2840
130 8.4 61332.036011904755 8516.410210135997 116838.374 0.376 21782.815114962246 2914
140 7.6 60002.31622368421 0.770556166170925 116838.374 0.376 22890.93204469646 2998
150 9.7 60002.353072164915 0.9379989366207254 116838.374 0.376 23808.45488061157 3074
160 13.5 61154.836274074056 9409.343159683218 139344.188 0.376 24915.616067801944 3171
170 44.5 28794.948134831502 20869.198378209563 150146.628 0.376 26395.439034482748 3306
180 0.9 107640.90877777779 67902.47215898884 157889.334 0.376 26680.10487016795 3751
190 0.5 136827.9888 18999.823309134328 157889.334 0.376 26873.894028457446 3760
200 28 36134.65665357141 6394.292435297207 157889.334 0.376 27019.915402656043 3765
204 0 0 0 157889.334 0.376 27650.849284054384 4045
