0 0.5 280.4812 128.98843089114618 354.799 22.722 0 0
10 6.9 230.61397101449268 215.13016069657104 834.874 8.914 280.4812 5
20 11 2216.0223181818174 2347.626819262814 7936.287 8.914 233.9833783783783 74
30 9.2 8425.588739130437 2093.3567128766394 12509.368 8.914 1418.8979619565212 184
40 42.5 3066.395150588237 6130.267855735811 19401.149 0.195 3754.461554347826 276
50 26.6 6936.845097744365 10579.677198386986 27227.966 0.195 3337.3028930099867 701
60 10.7 24574.417439252342 13109.698363591462 35726.069 0.195 4327.456177869702 967
70 8.8 37886.6072840909 10556.349526482103 44335.935 0.195 6344.611536312851 1074
80 8.8 45479.493000000024 13579.259920174163 53293.123 0.195 8733.33410585198 1162
90 38.1 57834.22255118108 10048.899219519346 60011.858 0.195 11320.263692000002 1250
100 101.2 18617.839659090958 27757.157161958512 60014.343 0.195 22185.878851624766 1631
110 31.6 15760.72125 26405.424201723814 60014.343 0.195 20819.68298978435 2643
120 7.7 60002.41398701298 1.0210175405037205 60014.343 0.195 20279.422121324784 2959
130 8.8 60002.11089772726 0.7174753723953303 60014.343 0.195 21286.88930632412 3036
140 8.1 60002.23119753086 0.817094089502842 60014.343 0.195 22377.45892861717 3124
150 9.9 60002.32919191917 0.9438794615386449 60014.343 0.195 23328.35020904837 3205
160 13.7 60001.188788321146 0.5779114981696769 60014.343 0.195 24427.237593825677 3304
170 56.5 23473.15013982301 18106.394841993773 60014.343 0.195 25843.579155478066 3441
180 39.5 10366.71086329113 2616.738754296357 60014.343 0.195 25509.257539440845 4006
190 25.2 4979.426496031743 2376.386961012834 60014.343 0.195 24150.178708020907 4401
200 66.8 6448.594669161676 5263.824059097262 60014.343 0.195 23111.91746636579 4653
204 0 0 0 60014.343 0.195 21019.998723924076 5321
