10 0.4 10876.703000000001 1763.9773994042553 13176.832 8601.128 0 0
20 0.4 12646.658 2068.95021944403 15593.792 8601.128 10876.703000000001 4
30 0.1 18915.386 0.0 18915.386 8601.128 11761.6805 8
40 5.3 14646.439566037736 7482.552677623509 28019.671 4279.326 12556.536666666667 9
50 11.2 16786.15401785715 8073.181875203644 37884.566 4279.326 14343.066564516128 62
60 0.6 38061.53783333333 6436.228706008784 47611.163 4279.326 15915.62860344828 174
70 0 0 0 47611.163 4279.326 16653.82557777778 180
80 0.1 59424.551 0.0 59424.551 4279.326 16653.82557777778 180
90 0.1 80511.597 0.0 80511.597 4279.326 16890.1279281768 181
100 29.1 70001.15937113413 4571.5882232153535 95887.312 4279.326 17239.696439560445 182
110 21.8 73236.08133027518 5929.622177778538 100011.372 4279.326 49699.708517970466 473
120 1.5 93671.0218 3321.470532595481 103440.781 4279.326 57125.076496382084 691
130 2.2 106004.7225 8314.662185993686 127842.078 4279.326 57901.54842209635 706
140 1.2 117766.65075000002 5473.166068048716 127842.078 4279.326 59355.21577060442 728
150 1.5 123996.09526666667 5369.726790648632 133887.707 4279.326 60302.42822972976 740
160 2.8 132317.20657142857 6593.6883551477495 148839.522 4279.326 61567.865323178834 755
170 16.5 134787.04769696982 4701.447932716348 162560.75 4279.326 64097.85453767564 783
180 0.9 162405.02588888892 13172.834954238106 175613.803 4279.326 76401.35334704646 948
190 0.5 174777.4406 3203.3770681399737 179288.507 4279.326 77210.16531452461 957
200 28 174702.08509642846 1545.4613625966285 181085.27 4279.326 77717.27173492727 962
204 0 0 0 181085.27 4279.326 99581.80292753624 1242
