0 1.4265625 1.4265625
10 32.2703125 33.696875
20 90.9875 124.684375
30 192.9046875 317.5890625
40 171.2796875 488.86875
50 73.07890625 561.94765625
60 49.10625 611.05390625
70 45.375 656.42890625
80 44.228125 700.65703125
90 46.79765625 747.4546875
100 113.8796875 861.334375
110 38.5203125 899.8546875
120 24.175 924.0296875
130 29.8921875 953.921875
140 34.2515625 988.1734375
150 28.78515625 1016.95859375
160 23.49296875 1040.4515625
170 230.8515625 1271.303125
180 232.059375 1503.3625
190 140.3515625 1643.7140625
200 257.6171875 1901.33125
204 0 1901.33125
