0 8.23671875 8.23671875
10 313.8296875 322.06640625
20 704.58984375 1026.65625
30 345.9640625 1372.6203125
40 181.0078125 1553.628125
50 156.575 1710.203125
60 127.225 1837.428125
70 142.95703125 1980.38515625
80 103.096875 2083.48203125
90 191.3078125 2274.78984375
100 240.8671875 2515.65703125
110 75.03515625 2590.6921875
120 18.94921875 2609.64140625
130 21.65625 2631.29765625
140 19.93359375 2651.23125
150 24.36328125 2675.59453125
160 33.71484375 2709.309375
170 4019.15859375 6728.46796875
180 4184.815625 10913.28359375
190 3905.52578125 14818.809375
200 3871.94375 18690.753125
204 0 18690.753125
