10 0.4 271.49025 48.464289267330635 341.894 215.524 0 0
20 1 2891.1317000000004 1523.9844978185995 5208.731 215.524 271.49025 4
30 0.4 8899.860499999999 2362.209362140717 12781.486 215.524 2142.6627142857146 14
40 5 834.2306000000004 4146.245764467606 24643.285 1.453 3644.262222222222 18
50 11.6 2.891112068965516 2.5094646213318903 24643.285 1.453 1578.0625000000005 68
60 0.7 5059.671428571429 12386.458775861047 35400.175 1.453 585.0196684782611 184
70 0.1 50209.489 0.0 50209.489 1.453 749.0121413612568 191
80 0.3 41305.29033333333 29206.801455346074 62309.187 1.453 1006.6187916666669 192
90 0.1 60002.199 0.0 62309.187 1.453 1626.598353846154 195
100 27.4 2367.5977846715336 12247.320898240741 81780.279 0.742 1924.4330510204084 196
110 23.1 10476.474199134202 23375.285738486557 83356.371 0.742 2182.788661702128 470
120 1.8 63942.61577777778 11146.205986190795 96276.209 0.742 4915.8005863052795 701
130 2.2 64479.292181818186 14160.049363328733 110341.0 0.742 6393.523358831711 719
140 1.2 60002.775166666666 0.3072813133857854 110341.0 0.742 8118.067102564104 741
150 1.6 64202.305562500005 16263.109340825498 127189.057 0.742 8944.91503984064 753
160 2.7 62647.37907407408 13489.888752893114 131432.585 0.742 10094.613672301693 769
170 16.5 24952.344212121203 28585.22230241602 136953.467 0.742 11877.182347989952 796
180 20.2 52737.61462376233 10440.809482261364 136953.467 0.742 14122.137298647243 961
190 7.9 32232.3443164557 3596.925349232679 136953.467 0.742 20829.21074634565 1163
200 0 0 0 136953.467 0.742 21554.53083655394 1242
204 0 0 0 136953.467 0.742 21554.53083655394 1242
