0 0.1 22.9 0 22.9 22.9 0 0
10 1.2 32.29225 28.49301829140196 123.298 15.392 22.9 1
20 2.4 576.7362083333334 676.4562036716285 1957.998 15.392 31.569769230769232 13
30 0.6 5419.4461666666675 744.6909689823054 6581.199 15.392 385.19124324324326 37
40 14.4 697.1550347222221 2896.9203356065163 14683.803 1.228 1087.6454186046512 43
50 7.2 900.0718333333333 4327.960694893122 24106.114 1.228 786.9469411764704 187
60 2.1 5631.099333333333 11647.070371727745 32770.711 1.228 818.3947876447876 259
70 1.2 19691.624249999997 19827.78056012218 43717.686 1.098 1179.3476285714285 280
80 1.2 23737.584833333327 23809.196418133226 52241.236 1.098 1940.1261198630134 292
90 3 37696.5536 28691.393790518297 60002.277 1.098 2800.5521217105256 304
100 46.7 5397.213419700213 17165.797490907775 60017.675 0.434 5934.923511976047 334
110 6.6 37274.682045454545 29105.950034678975 60017.675 0.434 5621.427116104868 801
120 5.8 60002.716293103455 1.1063295170492418 60017.675 0.434 8031.017456747404 867
130 6.2 60002.40319354838 0.749470885159083 60017.675 0.434 11289.783437837837 925
140 6.4 60002.485031250006 0.820030257993298 60017.675 0.434 14349.745367781154 987
150 8.2 60002.44918292684 0.8836936635101534 60017.675 0.434 17129.74093244529 1051
160 10.7 60001.37101869158 0.6555562805990272 60017.675 0.434 20232.620082082965 1133
170 0.2 59969.3955 32.47950000000128 60017.675 0.434 23664.278429032256 1240
180 0 0 0 60017.675 0.434 23722.740775362316 1242
190 0 0 0 60017.675 0.434 23722.740775362316 1242
200 0 0 0 60017.675 0.434 23722.740775362316 1242
204 0 0 0 60017.675 0.434 23722.740775362316 1242
