10 0.4 194.2915 44.95099846777599 269.676 153.991 0 0
20 0.4 3733.5575 1665.7001144450492 5853.273 153.991 194.2915 4
30 0.1 9959.012 0.0 9959.012 153.991 1963.9244999999999 8
40 0 0 0 9959.012 153.991 2852.2675555555556 9
50 0.1 26974.527 0.0 26974.527 153.991 2852.2675555555556 9
60 0 0 0 26974.527 153.991 5264.4935 10
70 0 0 0 26974.527 153.991 5264.4935 10
80 0 0 0 26974.527 153.991 5264.4935 10
90 0 0 0 26974.527 153.991 5264.4935 10
100 0.4 34390.02875 34938.578236132904 77543.716 1.563 5264.4935 10
110 0.6 27502.625 38927.4484689221 85419.352 1.342 13586.074999999999 14
120 0 0 0 85419.352 1.342 17761.04 20
130 0.2 110818.45199999999 994.4870000000046 111812.939 1.342 17761.04 20
140 0 0 0 111812.939 1.342 26220.804727272727 22
150 0 0 0 111812.939 1.342 26220.804727272727 22
160 0.2 126508.086 6505.762000000002 133013.848 1.342 26220.804727272727 22
170 0.4 122893.483 15801.516252994357 139435.812 1.342 34578.078166666666 24
180 0.6 76595.48166666667 16112.3702539601 139435.812 1.342 47194.56457142857 28
190 0.5 32065.444800000005 10165.363172019886 139435.812 1.342 52382.96170588235 34
200 28 18976.923875000004 864.3154475902273 139435.812 1.342 49778.15184615384 39
204 0 0 0 139435.812 1.342 22742.591244514108 319
