0 0.4 346.38175 5.581695144622271 355.371 340.118 0 0
10 3.1 437.9278387096773 133.23837050094912 835.069 278.393 346.38175 4
20 2.8 5403.191964285715 1974.7058714467091 7936.45 278.393 427.4654285714285 35
30 6.3 9565.584619047617 1132.0919167251107 12509.511 278.393 2638.8994444444447 63
40 22.4 4894.69526785714 7274.825924220976 19401.402 1.166 6102.242031746031 126
50 7 23193.73611428571 2470.7403239780915 27228.126 1.166 5329.41210285714 350
60 7.7 31484.322792207793 2876.8524787107804 35726.23 1.166 8306.799438095235 420
70 7 40605.741714285716 2565.1238111928806 44336.153 1.166 11897.683338028168 497
80 7 49421.321514285715 2410.128845178497 53293.287 1.166 15441.88807583774 567
90 34.8 59553.62498850578 1281.710477598 60012.095 1.166 19175.89175039246 637
100 25.7 60002.834560311276 1.911843465618504 60017.123 1.166 33441.32440710661 985
110 0 0 0 60017.123 1.166 38937.546717391306 1242
120 0 0 0 60017.123 1.166 38937.546717391306 1242
130 0 0 0 60017.123 1.166 38937.546717391306 1242
140 0 0 0 60017.123 1.166 38937.546717391306 1242
150 0 0 0 60017.123 1.166 38937.546717391306 1242
160 0 0 0 60017.123 1.166 38937.546717391306 1242
170 0 0 0 60017.123 1.166 38937.546717391306 1242
180 0 0 0 60017.123 1.166 38937.546717391306 1242
190 0 0 0 60017.123 1.166 38937.546717391306 1242
200 0 0 0 60017.123 1.166 38937.546717391306 1242
204 0 0 0 60017.123 1.166 38937.546717391306 1242
