0 1.1 4.043454545454545 3.8522862247014813 13.738 1.3 0 0
10 2.9 1.757310344827586 0.9318551427847378 13.738 1.087 4.043454545454545 11
20 13.3 1.5464962406015033 0.6101038938279795 13.738 1.087 2.386 40
30 45.2 1.6194756637168148 1.3373731324598395 20.23 0.966 1.7406011560693637 173
40 0 0 0 20.23 0.966 1.6530032000000003 625
50 0 0 0 20.23 0.966 1.6530032000000003 625
60 0 0 0 20.23 0.966 1.6530032000000003 625
70 0 0 0 20.23 0.966 1.6530032000000003 625
80 0 0 0 20.23 0.966 1.6530032000000003 625
90 0 0 0 20.23 0.966 1.6530032000000003 625
100 0 0 0 20.23 0.966 1.6530032000000003 625
110 0 0 0 20.23 0.966 1.6530032000000003 625
119 0 0 0 20.23 0.966 1.6530032000000003 625
