0 0.1 0.7694152625621571 0 0.7694152625621571 0.7694152625621571 0 0
10 0.1 1.596009975062344 0.0 1.596009975062344 0.7694152625621571 0.7694152625621571 1
20 0.1 0.501002004008016 0.0 1.596009975062344 0.501002004008016 1.1827126188122505 2
30 0.1 2.65 0.0 2.65 0.501002004008016 0.9554757472108389 3
40 0.1 2.2410358565737054 0.0 2.65 0.501002004008016 1.3791068104081292 4
50 0.1 1.7999999999999998 0.0 2.65 0.501002004008016 1.5514926196412444 5
60 0.1 0.5494505494505495 0.0 2.65 0.501002004008016 1.5929105163677038 6
70 0.1 0.499001996007984 0.0 2.65 0.499001996007984 1.4438448068081102 7
80 0.1 0.5 0.0 2.65 0.499001996007984 1.3257394554580944 8
90 0.1 1.7991004497751124 0.0 2.65 0.499001996007984 1.2339906270738616 9
100 0.1 1.5492253873063468 0.0 2.65 0.499001996007984 1.2905016093439867 10
110 0.1 7.029702970297031 0.0 7.029702970297031 0.499001996007984 1.3140219527951105 11
119 0.1 7.277227722772277 0.0 7.277227722772277 0.499001996007984 1.7903287042536038 12
