0 0.1 660.125 0 660.125 660.125 0 0
10 0.1 659.82421875 0.0 660.125 659.82421875 660.125 1
20 0.1 653.08984375 0.0 660.125 653.08984375 659.974609375 2
30 0.1 644.9140625 0.0 660.125 644.9140625 657.6796875 3
40 0.1 628.11328125 0.0 660.125 628.11328125 654.48828125 4
50 0.1 622.63671875 0.0 660.125 622.63671875 649.21328125 5
60 0.1 615.171875 0.0 660.125 615.171875 644.7838541666666 6
70 0.1 610.546875 0.0 660.125 610.546875 640.5535714285714 7
80 0.1 606.44140625 0.0 660.125 606.44140625 636.802734375 8
90 0.1 598.6015625 0.0 660.125 598.6015625 633.4292534722222 9
100 0.1 579.171875 0.0 660.125 579.171875 629.946484375 10
110 0.1 481.82421875 0.0 660.125 481.82421875 625.3306107954545 11
119 0.1 511.33203125 0.0 660.125 481.82421875 613.3717447916666 12
