0 0.5 430.2866 150.40350647322026 709.224 289.587 0 0
10 6.3 487.4995714285713 584.0373206117806 2177.085 16.555 430.2866 5
20 7.9 2361.026936708861 2524.188728261516 7464.271 16.555 483.29273529411745 68
30 8 8749.9888 1815.295795504065 11445.423 16.555 1492.4151972789114 147
40 7.9 14512.181164556967 1746.085298462815 19156.291 16.555 4050.1503876651977 227
50 8 21957.53148750001 2101.1656646733677 27303.488 16.555 6751.132189542484 306
60 9.2 30690.452032608693 2924.9980858380695 35243.005 16.555 9902.717536269432 386
70 8.3 40412.02103614457 2930.3114472992115 43880.423 16.555 13903.704092050211 478
80 8.5 49290.295105882346 2627.9656836493136 52959.129 16.555 17825.611946524066 561
90 19 57748.28974736841 2374.6454486994967 60003.744 16.555 21965.70183591331 646
100 84.5 16658.797008284007 17907.660914979737 78682.243 16.555 30098.108179425835 836
110 36.1 8709.6725401662 11291.207438159152 78682.243 16.555 23342.475853658525 1681
119 39.7 13677.289536523935 1189.963364671714 78682.243 16.555 20755.579675318306 2042
