0 0.5 430.2866 150.40350647322026 709.224 289.587 0 0
10 9.5 323.2433789473682 526.8421480086038 2177.085 13.704 430.2866 5
20 12.6 1545.411547619047 2269.4527206953903 7464.271 13.704 328.5955399999998 100
30 8.6 8422.921604651163 2129.0574122500857 11445.423 13.704 1006.9973849557517 226
40 8.1 14525.775481481487 1756.290389498554 19156.291 13.704 3051.1303429487175 312
50 8.7 21834.147126436776 2115.4125579462857 27303.488 13.704 5416.133539440205 393
60 9.3 30638.120290322575 2952.214455266726 35243.005 13.704 8391.898502083333 480
70 8.4 40362.21830952382 2947.9430320870583 43880.423 13.704 12002.54182897033 573
80 8.5 49290.295105882346 2627.9656836493136 52959.129 13.704 15628.436538812784 657
90 19.5 57695.13757435896 2375.360954707191 60003.744 13.704 19484.579366576818 742
100 126.4 11869.506007911397 15537.895088710125 60003.744 13.704 27436.616560298822 937
110 164.6 3203.53083778858 432.0144916337137 60003.744 13.704 18496.66756519764 2201
119 84.8 2155.932193396225 735.5322610451225 60003.744 13.704 11953.256321809204 3847
