10 0.8 8542.323624999999 1600.3865399190236 10489.482 5869.114 0 0
20 1 10916.2125 2820.1199012207708 15052.899 5321.773 8542.323624999999 8
30 0.1 13808.396 0.0 15052.899 5321.773 9861.150777777777 18
40 0 0 0 15052.899 5321.773 10068.900526315789 19
50 0 0 0 15052.899 5321.773 10068.900526315789 19
60 0 0 0 15052.899 5321.773 10068.900526315789 19
70 0 0 0 15052.899 5321.773 10068.900526315789 19
80 0 0 0 15052.899 5321.773 10068.900526315789 19
90 0 0 0 15052.899 5321.773 10068.900526315789 19
100 1.8 83024.13194444444 9094.024747925647 93071.325 5321.773 10068.900526315789 19
110 20.5 87982.40766341465 8039.623371554907 97225.352 5321.773 45560.634729729725 37
119 38.3 88804.2006527416 1459.7942063929274 97225.352 5321.773 81496.43411570249 242
