10 0.8 106.21524999999998 22.25650790078039 143.133 81.708 0 0
20 1.1 620.2786363636362 298.4673561033473 1075.58 81.708 106.21524999999998 8
30 0.3 7421.481333333333 512.886185285672 7813.156 81.708 403.830894736842 19
40 0.2 20138.8125 2384.7445000000007 22523.557 81.708 1360.7832272727273 22
50 0.1 26515.498 0.0 26515.498 81.708 2925.619 24
60 0 0 0 26515.498 81.708 3869.2141599999995 25
70 0 0 0 26515.498 81.708 3869.2141599999995 25
80 0 0 0 26515.498 81.708 3869.2141599999995 25
90 0 0 0 26515.498 81.708 3869.2141599999995 25
100 12.8 25194.47151562499 25070.684796422578 74573.642 81.708 3869.2141599999995 25
110 46.1 7774.565845986983 2198.3427862225885 74573.642 81.708 21709.952339869273 153
119 1.1 9753.415272727274 139.0105179330569 74573.642 81.708 11247.064434853415 614
