10 1.6 44.827000000000005 35.52849145228376 170.198 16.728 0 0
20 2.2 641.793590909091 661.6298430671487 2235.828 16.728 44.827000000000005 16
30 0.7 5388.0984285714285 1723.9556352522416 7979.331 16.728 390.43923684210534 38
40 0.7 13035.149857142855 1025.3516379467703 15445.159 16.728 1167.852888888889 45
50 0.7 20411.370142857148 2051.016194394546 25113.719 16.728 2765.3736346153846 52
60 0.3 27132.59 1215.6901364495254 28850.516 16.728 4858.966440677967 59
70 0.5 41913.5494 1134.6946720796045 43224.513 16.728 5936.722419354839 62
80 1.1 48561.33954545455 2457.838354357869 51571.354 16.728 8621.560253731344 67
90 6.7 55966.628194029836 1995.1481624702467 59060.828 16.728 14254.093230769235 78
100 47.9 24116.92559916493 16313.799773222132 59060.828 16.728 33528.16111034482 145
110 0.1 2158.375 0.0 59060.828 16.728 26303.831286858975 624
119 0 0 0 59060.828 16.728 26265.1985568 625
