10 0.8 90.52775 18.313353132004526 115.002 67.244 0 0
20 1 575.7007 214.58862595629338 925.169 67.244 90.52775 8
30 0.1 4664.28 0.0 4664.28 67.244 360.0682777777777 18
40 0 0 0 4664.28 67.244 586.6057368421052 19
50 0 0 0 4664.28 67.244 586.6057368421052 19
60 0 0 0 4664.28 67.244 586.6057368421052 19
70 0 0 0 4664.28 67.244 586.6057368421052 19
80 0 0 0 4664.28 67.244 586.6057368421052 19
90 0 0 0 4664.28 67.244 586.6057368421052 19
100 1 42089.11290000001 28385.840754319142 72663.156 67.244 586.6057368421052 19
110 13.8 9360.872862318845 826.9673419570839 72663.156 67.244 14897.81510344828 29
119 39.7 7411.211445843832 1656.6066873687098 72663.156 67.244 10322.377802395215 167
