0 0.5 432.8112 150.8731434515766 709.416 289.799 0 0
10 3.1 917.3869677419356 570.890133316921 2177.331 289.799 432.8112 5
20 3 5140.176633333334 1947.30492605487 7464.482 289.799 850.0847777777778 36
30 6.6 9467.466742424242 776.7487611032119 11445.582 289.799 2800.1265303030304 66
40 6.9 14770.068304347828 1670.7940490007952 19156.484 289.799 6133.796636363636 132
50 6.8 22262.060382352935 2029.598350003448 27303.663 289.799 9098.48691044776 201
60 8.8 30793.74414772727 2902.181956174677 35243.279 289.799 12426.081691449812 269
70 7.6 40283.56497368421 3004.8552865856004 43880.585 289.799 16953.68476190476 357
80 7.4 49398.94805405404 2635.0691427674888 52959.362 289.799 21048.53671593533 433
90 11.8 58893.231110169494 1761.605233052986 60003.926 289.799 25186.46657593688 507
100 0 0 0 60003.926 289.799 31550.30372 625
110 0 0 0 60003.926 289.799 31550.30372 625
119 0 0 0 60003.926 289.799 31550.30372 625
