0 0.1 6.375997320177842 0 6.375997320177842 6.375997320177842 0 0
10 0.1 0.44999999999999996 0.0 6.375997320177842 0.44999999999999996 6.375997320177842 1
20 0.1 0.9471585244267198 0.0 6.375997320177842 0.44999999999999996 3.4129986600889213 2
30 0.1 2.1934197407776668 0.0 6.375997320177842 0.44999999999999996 2.5910519482015206 3
40 0.1 5.876639145216124 0.0 6.375997320177842 0.44999999999999996 2.491643896345557 4
50 0.1 6.364084854464726 0.0 6.375997320177842 0.44999999999999996 3.168642946119671 5
60 0.1 5.798525798525798 0.0 6.375997320177842 0.44999999999999996 3.701216597510513 6
70 0.1 3.1203566121842496 0.0 6.375997320177842 0.44999999999999996 4.000832197655554 7
80 0.1 0.75 0.0 6.375997320177842 0.44999999999999996 3.890772749471641 8
90 0.1 0.8483033932135728 0.0 6.375997320177842 0.44999999999999996 3.5417979995303472 9
100 0.1 0.7485029940119761 0.0 6.375997320177842 0.44999999999999996 3.2724485388986695 10
