0 0.8 2.85 3.3054573435456702 11.576 1.411 0 0
10 3.4 1.7841470588235298 0.62259939590837 11.576 1.388 2.85 8
20 12.1 2.4574793388429743 2.4564836357848803 16.282 1.203 1.987166666666667 42
30 57.8 1.826200692041523 1.4558174903671939 20.444 0.908 2.336294478527607 163
40 121.5 1.8676156378600837 1.4262204319734404 21.178 0.833 1.938407557354926 741
50 74.8 1.6800187165775389 1.0783280146302054 21.178 0.788 1.8944340490797555 1956
60 48.3 1.555592132505176 0.4976734622741846 21.178 0.788 1.8351209319526631 2704
70 7.4 1.5617837837837834 0.4857001151937238 21.178 0.788 1.792757452149357 3187
80 2.6 1.7438076923076926 0.4130793385547483 21.178 0.788 1.7875160993560262 3261
90 2.1 1.7302380952380954 0.5801713133501751 21.178 0.788 1.787170368116824 3287
100 1 1.7014 0.18626336193680168 21.178 0.788 1.786808948004837 3308
110 0.4 1.54175 0.054609408530032565 21.178 0.788 1.7865515370705247 3318
120 0 0 0 21.178 0.788 1.7862567730282968 3322
130 0 0 0 21.178 0.788 1.7862567730282968 3322
140 0 0 0 21.178 0.788 1.7862567730282968 3322
144 0 0 0 21.178 0.788 1.7862567730282968 3322
