0 0.1 3.7637097184316253 0 3.7637097184316253 3.7637097184316253 0 0
10 0.1 0.4491017964071856 0.0 3.7637097184316253 0.4491017964071856 3.7637097184316253 1
20 0.1 0.6006006006006006 0.0 3.7637097184316253 0.4491017964071856 2.1064057574194055 2
30 0.1 1.8463073852295409 0.0 3.7637097184316253 0.4491017964071856 1.6044707051464704 3
40 0.1 4.612365063788027 0.0 4.612365063788027 0.4491017964071856 1.6649298751672381 4
50 0.1 9.20988851187591 0.0 9.20988851187591 0.4491017964071856 2.254416912891396 5
60 0.1 7.8870496592015575 0.0 9.20988851187591 0.4491017964071856 3.413662179388815 6
70 0.1 5.009920634920635 0.0 9.20988851187591 0.4491017964071856 4.052717533647778 7
80 0.1 1.2468827930174564 0.0 9.20988851187591 0.4491017964071856 4.1723679213068845 8
90 0.1 0.7000000000000001 0.0 9.20988851187591 0.4491017964071856 3.8473140181636145 9
100 0.1 0.5508262393590386 0.0 9.20988851187591 0.4491017964071856 3.5325826163472533 10
110 0.1 0.40060090135202797 0.0 9.20988851187591 0.40060090135202797 3.2615138548028706 11
120 0.1 0.6982543640897756 0.0 9.20988851187591 0.40060090135202797 3.0231044420153004 12
130 0.1 0.551654964894684 0.0 9.20988851187591 0.40060090135202797 2.8442698206364136 13
140 0.1 4.069478908188586 0.0 9.20988851187591 0.40060090135202797 2.6805116166548615 14
144 0.1 6.078724464374688 0.0 9.20988851187591 0.40060090135202797 2.773109436090443 15
