0 0.1 687.76171875 0 687.76171875 687.76171875 0 0
10 0.1 686.4765625 0.0 687.76171875 686.4765625 687.76171875 1
20 0.1 673.75 0.0 687.76171875 673.75 687.119140625 2
30 0.1 641.2734375 0.0 687.76171875 641.2734375 682.6627604166666 3
40 0.1 584.8515625 0.0 687.76171875 584.8515625 672.3154296875 4
50 0.1 505.2890625 0.0 687.76171875 505.2890625 654.82265625 5
60 0.1 392.41015625 0.0 687.76171875 392.41015625 629.900390625 6
70 0.1 332.8984375 0.0 687.76171875 332.8984375 595.9732142857143 7
80 0.1 326.88671875 0.0 687.76171875 326.88671875 563.0888671875 8
90 0.1 318.4140625 0.0 687.76171875 318.4140625 536.8441840277778 9
100 0.1 313.79296875 0.0 687.76171875 313.79296875 515.001171875 10
110 0.1 309.671875 0.0 687.76171875 309.671875 496.70951704545456 11
120 0.1 304.35546875 0.0 687.76171875 304.35546875 481.123046875 12
130 0.1 298.265625 0.0 687.76171875 298.265625 467.52554086538464 13
140 0.1 292.6953125 0.0 687.76171875 292.6953125 455.435546875 14
144 0.1 622.94140625 0.0 687.76171875 292.6953125 444.58619791666666 15
