0 0.1 0.078125 0 0.078125 0.078125 0 0
10 0.1 0.0703125 0.0 0.078125 0.0703125 0.078125 1
20 0.1 0.05859375 0.0 0.078125 0.05859375 0.07421875 2
30 0.1 0.05078125 0.0 0.078125 0.05078125 0.06901041666666667 3
40 0.1 0.0390625 0.0 0.078125 0.0390625 0.064453125 4
50 0.1 0.03125 0.0 0.078125 0.03125 0.059375 5
60 0.1 0.19140625 0.0 0.19140625 0.03125 0.0546875 6
70 0.1 0.23828125 0.0 0.23828125 0.03125 0.07421875 7
80 0.1 0.28125 0.0 0.28125 0.03125 0.0947265625 8
90 0.1 0.23046875 0.0 0.28125 0.03125 0.1154513888888889 9
100 0.1 0.19921875 0.0 0.28125 0.03125 0.126953125 10
110 0.1 0.171875 0.0 0.28125 0.03125 0.13352272727272727 11
120 0.1 0.140625 0.0 0.28125 0.03125 0.13671875 12
130 0.1 0.12109375 0.0 0.28125 0.03125 0.13701923076923078 13
140 0.1 0.1015625 0.0 0.28125 0.03125 0.13588169642857145 14
144 0.1 0.078125 0.0 0.28125 0.03125 0.13359375000000004 15
