0 1.3 139.85676923076923 155.1723343562316 354.454 13.33 0 0
10 7 239.16545714285712 324.66903499611004 1007.3 11.946 139.85676923076923 13
20 13.8 385.58431884057956 729.1824451787559 4224.093 11.946 223.61108433734935 83
30 17.1 5123.375912280704 2642.9258022027648 14087.262 11.946 324.7527420814478 221
40 44.4 4611.175432432437 5932.072490094849 22423.555 1.926 2418.0296862244904 392
50 53.7 13327.934534450655 7688.256236366203 27933.833 1.678 3582.8104413875626 836
60 46.1 20737.006414316696 6185.483059704515 35266.11 1.678 7394.268298616172 1373
70 10 24293.265549999993 10983.472508823625 45848.562 1.678 10748.140856597602 1834
80 3.8 33974.044078947365 10894.124559375538 54675.107 1.678 11448.50924819028 1934
90 3.5 49312.27977142856 11192.449158668765 62681.085 1.678 11882.571278397567 1972
100 2.5 53935.12776 12743.673609322394 67043.133 1.678 12535.306603388142 2007
110 3.5 55512.54905714286 10081.938488174339 81024.859 1.678 13044.654796751967 2032
120 6.7 64119.9378208955 12216.318453317968 91470.18 1.678 13763.753151427189 2067
130 87.6 72844.42014840187 16915.834246335984 95332.325 1.678 15344.75801218369 2134
140 53.3 15.315939962476554 8.238528674957854 95332.325 1.678 32078.878952823932 3010
144 21.9 13.942059360730592 7.438984625387411 95332.325 1.678 27255.31725769123 3543
