0 3.1 58.51306451612904 112.12933530927162 330.213 5.517 0 0
10 16.2 103.27661728395063 218.75682379404412 916.349 4.839 58.51306451612904 31
20 33.3 351.83451051051077 697.4417409153259 3631.684 4.839 96.08661658031089 193
30 51.4 3446.139406614781 1568.3614097391196 7382.766 4.839 257.9954543726237 526
40 134.8 3535.946172106826 3888.8360095741655 11992.625 0.187 1833.67429230769 1040
50 123.3 8072.760323600974 4912.948951492919 16295.813 0.15 2794.588234505862 2388
60 60.6 11948.55198184818 3748.896144313527 17366.603 0.15 4591.877984810825 3621
70 24.8 18435.748419354855 6261.948085735344 24360.26 0.15 5646.56084315117 4227
80 14.4 28652.586319444443 2370.4555861433896 32856.121 0.15 6355.324757988827 4475
90 16.2 35014.736685185184 1593.7894460200812 38130.793 0.15 7050.454800173197 4619
100 13.1 41282.72010687024 2299.289437479962 45420.409 0.15 7998.0000135954815 4781
110 15.7 50442.86573885353 2481.0182276004025 54782.47 0.15 8885.682898819217 4912
120 21.6 58413.933518518475 1630.0347391071487 60005.125 0.15 10172.81600315644 5069
130 148.7 21770.813933423025 20705.115383010125 60005.125 0.15 12144.449188268682 5285
140 53.3 15.315939962476554 8.238528674957854 60005.125 0.15 14258.212386148853 6772
144 21.9 13.942059360730592 7.438984625387411 60005.125 0.15 13218.99762833676 7305
