10 0.8 11353.40625 1507.2709941257863 14178.139 9543.76 0 0
20 1.1 13456.574909090908 1554.029196229913 16959.229 9543.76 11353.40625 8
30 2.5 17782.85696 2503.922960460061 21616.773 9543.76 12571.030210526316 19
40 2.3 22194.838521739137 2172.7964321712598 26182.839 9543.76 15532.29540909091 44
50 4.9 21022.110061224488 7186.684799158256 33947.209 9543.76 17819.43707462687 67
60 7.8 31372.569051282044 7036.733772784426 44182.398 9543.76 19172.29031896552 116
70 5.4 37697.588166666654 6910.84537657388 53576.654 9543.76 24077.557025773192 194
80 2.4 45538.49891666666 7480.047049328801 63996.513 9543.76 27043.208967741928 248
90 1 62687.301100000004 3844.600167034161 66994.395 9543.76 28675.146316176462 272
100 1.1 70431.28627272729 7271.958084246409 81084.833 9543.76 29881.251095744676 282
110 2.9 81066.21124137934 5264.623007878452 91785.116 9543.76 31403.60736518771 293
120 5.3 89870.54037735848 5866.303706083914 100868.419 9543.76 35876.326347826085 322
130 12.8 102182.87728124998 5511.313503677587 107941.433 9543.76 43507.50859733333 375
140 55.5 109123.66982162163 2951.0517716237537 116287.026 9543.76 58438.81514115307 503
144 19.6 110622.88769387754 1550.131528987312 116287.026 9543.76 85026.8060179584 1058
