10 0.7 4018.046857142857 2.1186546559125654 4020.123 4014.853 0 0
20 1 4535.3799 679.5973568745616 5808.26 4014.764 4018.046857142857 7
30 2.7 8669.552444444445 1134.0128064161693 10278.681 4014.764 4322.3604117647055 17
40 2.3 10761.232173913042 3728.536540833515 15780.152 4002.899 6989.955522727273 44
50 4.9 5868.087020408163 4600.417923605551 19132.808 4002.39 8284.572880597014 67
60 7.5 15100.863213333338 5431.1488989236295 21007.115 4002.39 7263.815922413792 116
70 5.7 23652.083298245612 4454.633531823004 27654.675 4002.39 10341.190513089006 191
80 2.3 31048.810956521735 1844.0082787703807 33612.864 4002.39 13400.54893548387 248
90 1.1 37184.85018181818 1586.138314376191 39840.131 4002.39 14898.371911439113 271
100 1.1 43696.06363636363 2337.509378096087 48369.856 4002.39 15767.702624113474 282
110 2.9 55020.78799999999 1820.5699008372521 58228.099 4002.39 16816.207645051192 293
120 5.3 61892.72816981132 1457.8417016601227 64005.592 4002.39 20256.992832298132 322
130 12.7 41499.82507874016 17063.119732809293 64005.592 4002.39 26141.510093333327 375
140 53.3 4016.628804878048 8.266691187466675 64005.592 4002.39 30026.980219123507 502
144 21.9 4015.1551963470315 7.443751102598259 64005.592 4002.39 16632.27751014493 1035
