0 0.5 10.2866 1.0136373315935048 11.726 9.308 0 0
10 2.9 16.610172413793098 24.81466096688222 146.382 7.332 10.2866 5
20 3.5 317.3454285714285 585.298597736881 2449.258 6.967 15.680235294117642 34
30 4.6 4750.479152173913 853.322040118678 6663.397 6.967 168.69881159420288 69
40 18.3 1333.4001693989069 3116.914808248624 11693.26 0.355 2001.4109478260866 115
50 15.3 5061.0472745098 6266.262406521034 15000.139 0.196 1591.189563758389 298
60 4.3 10863.78325581395 6024.50850713355 15995.985 0.196 2768.3253281596435 451
70 4 14518.793549999999 8051.743815989317 23616.231 0.196 3472.9906943319825 494
80 1.2 29087.55175 2363.30590285216 31809.291 0.196 4300.391657303369 534
90 4.9 34382.62244897959 1550.3512455800449 37025.067 0.196 4845.164406593404 546
100 1.3 39733.61976923077 1747.8294358759626 44421.756 0.196 7277.660951260503 595
110 1.6 51768.34512499999 2109.5043165197303 53742.021 0.196 7971.620597039472 608
120 3.7 59262.78216216215 1012.442899544291 60005.321 0.196 9094.613533653845 624
130 59.3 33195.528057335614 17014.77036447421 60005.321 0.196 11902.816618759452 661
140 0 0 0 60005.321 0.196 21971.857992822977 1254
144 0 0 0 60005.321 0.196 21971.857992822977 1254
