0 0.5 1314.6982 11.214409897983991 1330.825 1300.388 0 0
10 2.9 1505.7596551724137 258.267862912383 1917.043 1255.402 1314.6982 5
20 5.5 2535.7733272727273 823.175101845775 4632.286 1255.402 1477.6623823529412 34
30 6.6 6481.837272727271 1190.287091613878 8383.864 1255.402 2131.5511685393258 89
40 21.9 3763.935260273972 4419.329015967889 12993.302 1002.149 3983.9310580645156 155
50 16.9 7309.280366863908 6781.928930468101 17297.77 1001.991 3855.109989304812 374
60 10.2 14223.518990196078 4820.15158724737 18367.534 1001.991 4930.164858195212 543
70 10.8 20748.646509259266 5259.402157711878 25360.545 1001.991 6399.811558139535 645
80 9.4 30021.421638297874 2236.038985492981 33857.533 1001.991 8457.811790172644 753
90 7.8 36839.44873076923 1202.1850467298536 39131.449 1001.991 10850.939683589138 847
100 9.3 42943.22780645163 2181.7572438501684 46420.834 1001.991 13042.40314918919 925
110 10.6 51074.51679245282 2609.8358483585876 55783.552 1001.991 15774.010902750495 1018
120 11.2 59303.261374999995 1805.5505626009167 61011.417 1001.991 19103.062169928828 1124
130 1.8 61003.68738888888 0.9325189982508618 61011.417 1001.991 22745.79866747573 1236
140 0 0 0 61011.417 1001.991 23294.954964912282 1254
144 0 0 0 61011.417 1001.991 23294.954964912282 1254
