0 1.5 1.9414000000000005 1.2271983159484319 6.086 1.341 0 0
10 4.3 1.6863255813953486 0.4972611368112346 6.086 1.236 1.9414000000000005 15
20 19 1.7259947368421062 0.6817404004872456 6.82 1.074 1.7522931034482758 58
30 73 1.8016479452054797 1.2009176733853169 15.439 0.962 1.7321451612903234 248
40 80.9 1.5573325092707053 0.9354671351168969 18.248 0.738 1.7840235173824135 978
50 47.5 1.6075410526315768 0.8135288924438996 18.248 0.738 1.6813973139339682 1787
60 22.8 1.6495131578947364 0.7288756811684691 18.248 0.738 1.6658881520778073 2262
70 6.2 1.662451612903226 0.8647515152588979 18.248 0.738 1.6643887550200802 2490
80 2.8 1.685107142857143 0.5013746346143707 18.248 0.738 1.6643416927899686 2552
90 1.7 1.5875294117647059 0.43171111223718306 18.248 0.738 1.6645670542635658 2580
100 1.1 1.4816363636363634 0.1488417541168977 18.248 0.738 1.6640627647285329 2597
