0 0.1 686.95703125 0 686.95703125 686.95703125 0 0
10 0.1 681.66796875 0.0 686.95703125 681.66796875 686.95703125 1
20 0.1 667.17578125 0.0 686.95703125 667.17578125 684.3125 2
30 0.1 631.0859375 0.0 686.95703125 631.0859375 678.6002604166666 3
40 0.1 573.71875 0.0 686.95703125 573.71875 666.7216796875 4
50 0.1 476.5625 0.0 686.95703125 476.5625 648.12109375 5
60 0.1 369.55078125 0.0 686.95703125 369.55078125 619.5279947916666 6
70 0.1 325.48046875 0.0 686.95703125 325.48046875 583.8169642857143 7
80 0.1 321.7890625 0.0 686.95703125 321.7890625 551.52490234375 8
90 0.1 317.8046875 0.0 686.95703125 317.8046875 525.9986979166666 9
100 0.1 313.4609375 0.0 686.95703125 313.4609375 505.179296875 10
