0 2.8 188.5133214285715 199.07530519918 579.78 12.037 0 0
10 7.7 153.7188701298702 218.6735702110346 1168.878 11.799 188.5133214285715 28
20 12.2 1317.2513360655732 2109.5059533069357 8125.626 11.799 162.99739047619053 105
30 22.6 6059.084327433624 2770.277961823601 13638.941 11.799 783.3453259911892 227
40 40.7 4783.973471744471 5899.736444731834 21350.678 1.734 3415.391715231786 453
50 53 17160.75812452828 6505.32945846216 25317.839 1.627 4063.0809883720913 860
60 53.3 21091.492759849916 4174.619276582734 33556.797 1.627 9057.1593208633 1390
70 8.4 24461.553345238084 8476.620749684926 39183.343 1.627 12392.72859958398 1923
80 2 35910.02125 7840.759816920795 44913.806 1.627 12897.851309417036 2007
90 2.2 41866.16836363636 7367.985735613682 52158.66 1.627 13124.90774691662 2027
100 1.8 47526.596277777775 6229.105179615188 58103.108 1.627 13433.50107711078 2049
