0 5.6 94.16175 157.20666344397586 561.28 4.957 0 0
10 14.5 89.67856551724144 182.39888489033814 1174.594 4.593 94.16175 56
20 29.1 1195.62955670103 1606.332702360125 5881.425 4.593 90.92761194029855 201
30 55.6 3445.184516187049 1774.7438046921122 8309.905 4.593 744.3183963414629 492
40 114.3 5576.70791163605 5052.542513673657 14523.868 0.086 2177.2206507633578 1048
50 95.4 10124.027815513597 3686.3700788421056 17293.759 0.086 3950.6637996348713 2191
60 61.2 11976.218099673191 1887.084828699681 17299.362 0.086 5823.283599682027 3145
70 17.7 20070.64351412428 2097.3344097324875 24108.906 0.086 6825.571572531267 3757
80 12.2 26724.832106557376 2296.0043809582107 30820.172 0.086 7421.498805287231 3934
90 11.8 34660.815262711876 2351.0535643185453 38859.748 0.086 8002.1217497534435 4056
100 12.3 43098.65673983742 4686.732687881016 48118.572 0.086 8755.769529947285 4174
