10 1.1 12105.835636363634 1454.5366176098385 13815.947 9458.623 0 0
20 0.8 14186.95325 1485.9005338501586 16191.774 9458.623 12105.835636363634 11
30 2.8 18374.244107142855 1853.0604799974703 21604.965 9458.623 12982.095684210524 19
40 2.3 23071.94656521739 3016.340603396872 29677.54 9458.623 16194.439425531913 47
50 6.2 28363.52882258064 8688.93665612769 38426.877 9458.623 18454.19177142857 70
60 7.9 28992.9943670886 6770.539813024275 42609.743 9458.623 23108.577356060603 132
70 5.4 39293.58431481481 5932.689926782233 51643.433 9458.623 25311.74770616113 211
80 0.7 54779.40057142857 5302.8730401368 62072.358 9458.623 28160.876675471693 265
90 1 66996.67719999999 6199.857488306869 72325.764 9458.623 28845.912216911758 272
100 1.1 72899.36800000002 6302.450859688343 83331.159 9458.623 30198.776223404246 282
