10 1 4079.8221000000003 122.95158018053289 4431.497 4013.161 0 0
20 0.8 5515.577 1427.5003274344629 8539.723 4013.161 4079.8221000000003 10
30 2.9 9442.259620689652 1001.015358105594 11045.137 4013.161 4717.935388888889 18
40 2.2 7034.928090909092 5029.3118741213575 17055.526 4002.627 7632.943957446807 47
50 6.2 11908.5405 6404.188582829177 19887.992 4002.524 7442.272231884058 69
60 8 16481.067862499996 1556.4470693104677 19887.992 4002.524 9556.078587786258 131
70 5.4 22358.785018518527 1052.207531423841 25987.831 4002.524 12181.666938388624 211
80 0.7 29783.746571428568 1845.3018148761983 32902.447 4002.524 14255.494773584907 265
90 1 38454.2771 2835.4198921152565 42748.413 4002.524 14655.118900735295 272
100 1.1 47554.76945454545 1914.791831163584 51411.187 4002.524 15499.060680851062 282
