0 1.3 1365.3816923076922 103.59226645354492 1562.366 1267.282 0 0
10 2.6 1406.8303846153842 225.51824745616102 2175.17 1254.913 1365.3816923076922 13
20 5.8 4417.224189655173 1378.8242941512042 6882.09 1254.913 1393.0141538461535 39
30 6.6 7624.3159242424235 861.5819352799455 9310.993 1254.913 3201.30469072165 97
40 22.9 5267.846248908299 5471.385581114662 15524.725 1001.973 4992.217214723926 163
50 11.1 10920.564054054059 6557.666598078838 18294.623 1001.973 5153.235196428573 392
60 7.9 16298.528164556963 1948.5250864658628 18299.902 1001.973 6425.945938369783 503
70 9.3 21608.707204301092 2086.609416739977 25111.415 1001.973 7766.038714776635 582
80 10.2 27701.093980392154 2317.166436258879 31821.23 1001.973 9673.250817777782 675
90 9.6 35673.487093749995 2298.305980280912 39860.668 1001.973 12039.84026769627 777
100 10.5 44499.29927619045 2634.2985766312663 49119.264 1001.973 14638.72926575029 873
